1 0.351562 0.260417 0.168750 0.247917
1 0.125000 0.181250 0.189062 0.247917
1 0.307812 0.802083 0.192188 0.235417
1 0.873437 0.643750 0.153125 0.208333
1 0.942187 0.433333 0.115625 0.235417
2 0.493750 0.483333 0.409375 0.439583
1 0.098437 0.579167 0.167187 0.243750
0 0.531250 0.875000 0.062500 0.093750
1 0.192188 0.529167 0.181250 0.268750
1 0.676562 0.679167 0.173437 0.200000
0 0.242188 0.214583 0.087500 0.102083
1 0.784375 0.458333 0.245312 0.239583
1 0.451562 0.766667 0.189062 0.191667
1 0.803125 0.254167 0.206250 0.229167
1 0.559375 0.175000 0.157812 0.254167
1 0.670312 0.893750 0.185938 0.197917
1 0.907813 0.104167 0.176563 0.177083
