1 0.417187 0.662500 0.189062 0.222917
0 0.729688 0.625000 0.085938 0.070833
1 0.068750 0.393750 0.134375 0.256250
1 0.467187 0.295833 0.182812 0.235417
1 0.393750 0.197917 0.126562 0.195833
1 0.882812 0.318750 0.184375 0.179167
1 0.395313 0.054167 0.145313 0.104167
1 0.210938 0.175000 0.203125 0.254167
1 0.115625 0.266667 0.171875 0.241667
1 0.062500 0.533333 0.121875 0.258333
1 0.645312 0.385417 0.154688 0.177083
1 0.756250 0.379167 0.189062 0.189583
1 0.059375 0.656250 0.115625 0.212500
1 0.089063 0.939583 0.143750 0.118750
1 0.059375 0.752083 0.115625 0.212500
1 0.310937 0.777083 0.189062 0.222917
2 0.232813 0.514583 0.232813 0.283333
1 0.739062 0.118750 0.164062 0.206250
1 0.703125 0.852083 0.189062 0.222917
1 0.901563 0.212500 0.189062 0.189583
1 0.448437 0.512500 0.189062 0.222917
1 0.493750 0.870833 0.189062 0.222917
