1 0.151562 0.089583 0.154688 0.158333
1 0.089063 0.758333 0.135937 0.185417
1 0.815625 0.162500 0.135937 0.218750
1 0.093750 0.250000 0.135937 0.185417
2 0.751563 0.752083 0.187500 0.245833
1 0.675000 0.139583 0.135937 0.218750
1 0.253125 0.106250 0.154688 0.158333
1 0.504687 0.279167 0.160938 0.189583
0 0.239063 0.279167 0.065625 0.095833
1 0.923438 0.806250 0.151562 0.218750
1 0.314063 0.612500 0.176563 0.220833
1 0.367188 0.745833 0.176563 0.220833
1 0.373437 0.345833 0.162500 0.245833
1 0.815625 0.556250 0.135937 0.218750
1 0.879687 0.177083 0.135937 0.218750
1 0.079687 0.618750 0.157812 0.206250
1 0.931250 0.506250 0.135937 0.218750
1 0.100000 0.389583 0.157812 0.212500
1 0.498437 0.508333 0.160938 0.189583
1 0.471875 0.458333 0.160938 0.189583
1 0.217188 0.887500 0.135937 0.185417
1 0.767188 0.495833 0.135937 0.218750
1 0.135937 0.462500 0.157812 0.212500
1 0.909375 0.397917 0.167187 0.254167
1 0.589063 0.954167 0.145313 0.091667
1 0.632812 0.433333 0.135937 0.218750
1 0.707812 0.477083 0.135937 0.218750
