1 0.407813 0.075000 0.170313 0.147917
1 0.609375 0.652083 0.157812 0.218750
1 0.868750 0.264583 0.165625 0.218750
1 0.937500 0.381250 0.125000 0.202083
1 0.379688 0.225000 0.195312 0.254167
1 0.517188 0.454167 0.178125 0.164583
1 0.106250 0.189583 0.193750 0.208333
0 0.870313 0.522917 0.098437 0.133333
1 0.143750 0.885417 0.187500 0.227083
1 0.679688 0.095833 0.179688 0.187500
1 0.237500 0.075000 0.170313 0.147917
1 0.087500 0.672917 0.156250 0.195833
1 0.076563 0.375000 0.150000 0.193750
0 0.475000 0.866667 0.085938 0.100000
2 0.250000 0.516667 0.328125 0.412500
1 0.346875 0.806250 0.159375 0.177083
1 0.579688 0.735417 0.165625 0.218750
