1 0.129688 0.070833 0.176563 0.137500
1 0.287500 0.818750 0.148438 0.229167
0 0.626563 0.168750 0.051562 0.064583
1 0.918750 0.081250 0.162500 0.158333
1 0.925000 0.645833 0.148438 0.195833
1 0.154688 0.785417 0.148438 0.195833
1 0.265625 0.568750 0.173437 0.245833
1 0.443750 0.854167 0.184375 0.206250
1 0.920312 0.860417 0.157812 0.227083
1 0.692187 0.916667 0.184375 0.164583
1 0.545312 0.139583 0.182812 0.187500
0 0.550000 0.354167 0.050000 0.058333
2 0.475000 0.597917 0.250000 0.241667
1 0.668750 0.497917 0.146875 0.200000
1 0.865625 0.381250 0.145313 0.231250
1 0.754687 0.137500 0.157812 0.227083
1 0.726562 0.631250 0.173437 0.245833
