1 0.620313 0.170833 0.160938 0.233333
1 0.292187 0.100000 0.167187 0.195833
1 0.828125 0.289583 0.142187 0.202083
1 0.635938 0.441667 0.096875 0.170833
1 0.154688 0.497917 0.145313 0.250000
1 0.804688 0.550000 0.159375 0.229167
1 0.548438 0.070833 0.164062 0.139583
1 0.545312 0.235417 0.181250 0.227083
2 0.276562 0.827083 0.340625 0.343750
1 0.721875 0.693750 0.142187 0.208333
1 0.329688 0.441667 0.143750 0.216667
1 0.565625 0.466667 0.103125 0.195833
1 0.618750 0.847917 0.156250 0.193750
1 0.076563 0.210417 0.151562 0.262500
