1 0.242188 0.102083 0.145313 0.202083
1 0.490625 0.243750 0.157812 0.237500
1 0.907813 0.337500 0.157812 0.245833
1 0.284375 0.818750 0.162500 0.206250
1 0.323437 0.895833 0.145313 0.206250
2 0.664062 0.110417 0.443750 0.218750
1 0.253125 0.356250 0.192188 0.212500
1 0.689063 0.441667 0.179688 0.200000
1 0.562500 0.731250 0.170313 0.241667
1 0.835938 0.889583 0.171875 0.220833
1 0.846875 0.604167 0.157812 0.237500
1 0.709375 0.308333 0.215625 0.208333
1 0.646875 0.662500 0.157812 0.237500
1 0.482812 0.489583 0.187500 0.254167
1 0.282813 0.239583 0.145313 0.204167
