1 0.835938 0.529167 0.160938 0.243750
1 0.845313 0.783333 0.146875 0.212500
1 0.660937 0.635417 0.148438 0.231250
2 0.609375 0.133333 0.251563 0.264583
1 0.945312 0.668750 0.109375 0.287500
1 0.571875 0.868750 0.164062 0.250000
1 0.129688 0.766667 0.182812 0.247917
1 0.684375 0.358333 0.148438 0.231250
1 0.493750 0.358333 0.160938 0.243750
1 0.951562 0.408333 0.096875 0.216667
1 0.218750 0.306250 0.160938 0.243750
1 0.243750 0.520833 0.148438 0.231250
1 0.715625 0.822917 0.184375 0.256250
1 0.389062 0.514583 0.143750 0.295833
1 0.095312 0.602083 0.131250 0.229167
