1 0.075000 0.097917 0.146875 0.191667
0 0.401562 0.047917 0.075000 0.093750
1 0.337500 0.918750 0.160938 0.162500
1 0.517188 0.710417 0.181250 0.202083
1 0.896875 0.485417 0.154688 0.245833
1 0.629687 0.116667 0.170313 0.229167
1 0.915625 0.902083 0.162500 0.193750
1 0.723437 0.620833 0.167187 0.258333
1 0.939063 0.268750 0.121875 0.243750
1 0.871875 0.712500 0.165625 0.212500
1 0.598437 0.406250 0.175000 0.216667
1 0.260937 0.472917 0.184375 0.241667
2 0.679688 0.868750 0.331250 0.260417
1 0.392188 0.204167 0.212500 0.241667
