1 0.085938 0.085417 0.150000 0.168750
1 0.814063 0.154167 0.162500 0.193750
1 0.115625 0.491667 0.131250 0.187500
1 0.851562 0.389583 0.159375 0.208333
1 0.135937 0.312500 0.131250 0.187500
1 0.615625 0.927083 0.157812 0.139583
1 0.646875 0.212500 0.143750 0.181250
1 0.726562 0.381250 0.157812 0.179167
1 0.107813 0.729167 0.131250 0.187500
1 0.445312 0.591667 0.176563 0.191667
2 0.771875 0.685417 0.300000 0.422917
1 0.581250 0.654167 0.103125 0.218750
1 0.328125 0.418750 0.181250 0.231250
1 0.193750 0.516667 0.170313 0.214583
