1 0.221875 0.331250 0.167187 0.233333
1 0.573438 0.583333 0.160938 0.183333
0 0.196875 0.779167 0.056250 0.093750
1 0.837500 0.710417 0.181250 0.268750
1 0.867188 0.293750 0.160938 0.183333
1 0.556250 0.091667 0.160938 0.181250
1 0.132812 0.658333 0.165625 0.233333
0 0.256250 0.747917 0.056250 0.093750
1 0.935937 0.904167 0.126562 0.189583
1 0.459375 0.395833 0.160938 0.183333
1 0.942187 0.620833 0.114062 0.229167
1 0.146875 0.466667 0.165625 0.233333
1 0.079687 0.820833 0.157812 0.206250
2 0.403125 0.739583 0.235937 0.291667
1 0.773438 0.760417 0.121875 0.222917
1 0.332813 0.452083 0.165625 0.258333
1 0.678125 0.768750 0.165625 0.208333
1 0.210938 0.604167 0.167187 0.233333
1 0.082812 0.189583 0.162500 0.258333
1 0.707812 0.302083 0.248438 0.258333
