1 0.756250 0.927083 0.117188 0.145833
1 0.212500 0.085417 0.175000 0.166667
1 0.835938 0.477083 0.162500 0.306250
1 0.490625 0.239583 0.165625 0.175000
1 0.692187 0.266667 0.182812 0.260417
1 0.942187 0.908333 0.115625 0.183333
1 0.868750 0.158333 0.156250 0.231250
2 0.448437 0.525000 0.310937 0.364583
1 0.078125 0.410417 0.154688 0.231250
1 0.565625 0.802083 0.137500 0.197917
1 0.239063 0.500000 0.165625 0.175000
1 0.418750 0.839583 0.204687 0.220833
1 0.671875 0.666667 0.156250 0.214583
1 0.315625 0.745833 0.196875 0.227083
