1 0.835938 0.608333 0.128125 0.204167
1 0.839063 0.612500 0.128125 0.204167
0 0.304688 0.868750 0.067187 0.100000
1 0.212500 0.137500 0.167187 0.210417
1 0.601562 0.139583 0.135937 0.177083
2 0.585938 0.752083 0.364063 0.427083
1 0.362500 0.481250 0.168750 0.227083
1 0.806250 0.072917 0.132812 0.143750
1 0.737500 0.254167 0.131250 0.166667
1 0.121875 0.433333 0.140625 0.208333
1 0.703125 0.062500 0.137500 0.122917
1 0.843750 0.341667 0.157812 0.212500
1 0.904687 0.893750 0.181250 0.210417
1 0.215625 0.685417 0.156250 0.216667
1 0.170313 0.808333 0.150000 0.195833
