1 0.243750 0.129167 0.164062 0.175000
0 0.414062 0.620833 0.081250 0.095833
1 0.462500 0.245833 0.171875 0.189583
0 0.023438 0.637500 0.043750 0.085417
1 0.532813 0.420833 0.164062 0.175000
1 0.626563 0.895833 0.171875 0.189583
1 0.445312 0.854167 0.164062 0.175000
1 0.953125 0.893750 0.089063 0.210417
1 0.939063 0.137500 0.120313 0.193750
1 0.550000 0.675000 0.150000 0.260417
0 0.242188 0.604167 0.106250 0.125000
1 0.628125 0.314583 0.164062 0.175000
1 0.259375 0.772917 0.187500 0.235417
2 0.764062 0.583333 0.381250 0.475000
1 0.481250 0.089583 0.181250 0.175000
0 0.125000 0.297917 0.073438 0.100000
1 0.084375 0.564583 0.167187 0.210417
