1 0.435937 0.110417 0.160938 0.206250
1 0.156250 0.835417 0.129688 0.202083
1 0.526563 0.762500 0.182812 0.233333
1 0.393750 0.343750 0.154688 0.197917
2 0.321875 0.672917 0.278125 0.387500
1 0.231250 0.306250 0.162500 0.187500
1 0.857812 0.727083 0.157812 0.191667
1 0.781250 0.835417 0.167187 0.193750
1 0.837500 0.112500 0.154688 0.197917
1 0.675000 0.485417 0.184375 0.175000
1 0.121875 0.122917 0.154688 0.197917
1 0.592187 0.083333 0.168750 0.162500
1 0.656250 0.291667 0.184375 0.193750
1 0.082812 0.500000 0.164062 0.185417
1 0.726562 0.929167 0.145313 0.139583
1 0.270313 0.104167 0.148438 0.204167
1 0.868750 0.437500 0.164062 0.227083
