1 0.760938 0.637500 0.160938 0.202083
1 0.701562 0.160417 0.179688 0.250000
1 0.604688 0.479167 0.131250 0.218750
1 0.729688 0.414583 0.162500 0.222917
0 0.529687 0.479167 0.054688 0.087500
1 0.409375 0.093750 0.184375 0.183333
1 0.882812 0.827083 0.179688 0.177083
1 0.267188 0.218750 0.159375 0.222917
1 0.882812 0.383333 0.148438 0.210417
1 0.542188 0.243750 0.170313 0.208333
1 0.551562 0.656250 0.178125 0.195833
1 0.685937 0.845833 0.165625 0.193750
1 0.523438 0.881250 0.157812 0.235417
1 0.067187 0.312500 0.131250 0.227083
