1 0.693750 0.372917 0.203125 0.254167
1 0.725000 0.081250 0.157812 0.160417
1 0.510938 0.689583 0.217188 0.208333
1 0.918750 0.562500 0.160938 0.216667
1 0.376563 0.081250 0.157812 0.160417
1 0.093750 0.416667 0.184375 0.254167
1 0.107813 0.218750 0.182812 0.222917
1 0.876563 0.281250 0.203125 0.254167
2 0.420312 0.377083 0.440625 0.477083
1 0.312500 0.816667 0.203125 0.254167
1 0.539062 0.147917 0.146875 0.212500
1 0.873437 0.787500 0.170313 0.233333
1 0.709375 0.872917 0.170313 0.233333
1 0.267188 0.595833 0.187500 0.189583
