1 0.910937 0.295833 0.178125 0.195833
1 0.918750 0.089583 0.157812 0.175000
1 0.495312 0.789583 0.195312 0.237500
1 0.507812 0.908333 0.192188 0.183333
1 0.226562 0.550000 0.207813 0.218750
0 0.109375 0.468750 0.070312 0.081250
1 0.912500 0.543750 0.173437 0.237500
1 0.070312 0.783333 0.137500 0.222917
0 0.798438 0.135417 0.070312 0.081250
1 0.615625 0.772917 0.195312 0.237500
0 0.703125 0.062500 0.070312 0.081250
1 0.810937 0.768750 0.173437 0.237500
1 0.303125 0.752083 0.170313 0.222917
2 0.545312 0.466667 0.335938 0.447917
1 0.826562 0.325000 0.207813 0.218750
1 0.104688 0.325000 0.173437 0.210417
1 0.234375 0.864583 0.170313 0.222917
