1 0.139063 0.079167 0.162500 0.156250
1 0.401562 0.595833 0.150000 0.170833
1 0.946875 0.633333 0.106250 0.168750
1 0.096875 0.577083 0.146875 0.237500
1 0.850000 0.077083 0.156250 0.152083
1 0.564063 0.631250 0.171875 0.250000
0 0.235937 0.658333 0.060937 0.100000
1 0.632812 0.114583 0.195312 0.227083
1 0.371875 0.675000 0.164062 0.235417
1 0.560937 0.879167 0.198437 0.241667
1 0.114062 0.414583 0.137500 0.197917
1 0.518750 0.360417 0.171875 0.250000
1 0.896875 0.427083 0.198437 0.241667
1 0.692187 0.295833 0.171875 0.250000
1 0.351562 0.541667 0.150000 0.170833
1 0.909375 0.839583 0.181250 0.206250
