1 0.214062 0.585417 0.170313 0.212500
1 0.632812 0.883333 0.179688 0.231250
1 0.695312 0.537500 0.170313 0.212500
1 0.485938 0.635417 0.109375 0.250000
1 0.351562 0.731250 0.109375 0.250000
1 0.543750 0.620833 0.142187 0.252083
1 0.179688 0.158333 0.148438 0.227083
1 0.360938 0.904167 0.170313 0.189583
1 0.554688 0.095833 0.182812 0.187500
1 0.815625 0.737500 0.170313 0.212500
1 0.435937 0.685417 0.109375 0.250000
1 0.775000 0.562500 0.170313 0.212500
1 0.915625 0.177083 0.168750 0.204167
2 0.318750 0.375000 0.235937 0.295833
1 0.943750 0.285417 0.112500 0.200000
1 0.381250 0.093750 0.145313 0.183333
1 0.948438 0.795833 0.101562 0.214583
1 0.635938 0.268750 0.179688 0.231250
