1 0.843750 0.868750 0.104688 0.152083
1 0.932813 0.727083 0.134375 0.216667
1 0.562500 0.775000 0.184375 0.216667
1 0.582812 0.112500 0.165625 0.222917
1 0.112500 0.635417 0.153125 0.212500
2 0.582812 0.452083 0.310937 0.485417
1 0.735938 0.656250 0.120313 0.177083
1 0.378125 0.883333 0.156250 0.202083
1 0.220312 0.166667 0.193750 0.225000
1 0.901563 0.220833 0.145313 0.241667
1 0.337500 0.341667 0.148438 0.227083
1 0.220312 0.783333 0.140625 0.162500
1 0.751563 0.856250 0.146875 0.179167
1 0.087500 0.800000 0.148438 0.227083
1 0.282813 0.670833 0.164062 0.197917
1 0.253125 0.458333 0.148438 0.227083
