1 0.171875 0.595833 0.187500 0.237500
1 0.253125 0.091667 0.140625 0.179167
1 0.245312 0.816667 0.187500 0.237500
1 0.895312 0.325000 0.162500 0.197917
1 0.101562 0.664583 0.187500 0.237500
1 0.410938 0.116667 0.170313 0.229167
0 0.621875 0.258333 0.073438 0.089583
0 0.790625 0.427083 0.073438 0.089583
1 0.942187 0.841667 0.110937 0.237500
1 0.665625 0.079167 0.151562 0.156250
2 0.643750 0.770833 0.256250 0.283333
1 0.521875 0.454167 0.187500 0.237500
1 0.953125 0.306250 0.092188 0.195833
1 0.193750 0.302083 0.162500 0.197917
1 0.356250 0.293750 0.187500 0.237500
1 0.429688 0.575000 0.187500 0.237500
1 0.439063 0.870833 0.187500 0.237500
1 0.081250 0.310417 0.160938 0.197917
