1 0.907813 0.777083 0.164062 0.191667
1 0.621875 0.375000 0.173437 0.210417
0 0.301563 0.470833 0.059375 0.097917
1 0.600000 0.650000 0.173437 0.210417
1 0.917188 0.464583 0.164062 0.254167
1 0.182812 0.666667 0.157812 0.206250
1 0.656250 0.841667 0.173437 0.210417
1 0.309375 0.260417 0.173437 0.210417
1 0.687500 0.133333 0.164062 0.191667
1 0.284375 0.820833 0.164062 0.191667
2 0.115625 0.389583 0.228125 0.443750
1 0.175000 0.120833 0.126562 0.168750
1 0.300000 0.622917 0.157812 0.206250
1 0.789062 0.633333 0.190625 0.210417
1 0.814063 0.264583 0.164062 0.191667
