1 0.451562 0.929167 0.164062 0.141667
2 0.660937 0.427083 0.309375 0.408333
1 0.098437 0.806250 0.175000 0.227083
1 0.503125 0.725000 0.148438 0.247917
1 0.275000 0.758333 0.150000 0.237500
1 0.264062 0.204167 0.182812 0.204167
1 0.687500 0.714583 0.150000 0.162500
1 0.076563 0.268750 0.151562 0.204167
1 0.181250 0.089583 0.146875 0.175000
1 0.876563 0.610417 0.184375 0.212500
1 0.692187 0.166667 0.173437 0.154167
1 0.087500 0.460417 0.171875 0.216667
1 0.718750 0.883333 0.185938 0.191667
1 0.460938 0.360417 0.165625 0.252083
0 0.959375 0.335417 0.079687 0.135417
1 0.854688 0.185417 0.160938 0.252083
1 0.334375 0.395833 0.173437 0.220833
