1 0.629687 0.595833 0.137500 0.197917
1 0.503125 0.506250 0.137500 0.197917
1 0.379688 0.312500 0.189062 0.231250
1 0.337500 0.529167 0.162500 0.220833
1 0.243750 0.704167 0.162500 0.220833
1 0.326562 0.881250 0.162500 0.220833
0 0.954688 0.614583 0.059375 0.077083
1 0.379688 0.110417 0.162500 0.216667
2 0.645312 0.235417 0.337500 0.418750
1 0.081250 0.758333 0.160938 0.220833
1 0.856250 0.743750 0.162500 0.220833
1 0.885938 0.327083 0.137500 0.197917
1 0.221875 0.466667 0.162500 0.220833
1 0.792188 0.527083 0.189062 0.231250
