1 0.531250 0.606250 0.167187 0.222917
1 0.829688 0.881250 0.167187 0.222917
1 0.801562 0.233333 0.167187 0.222917
1 0.145313 0.687500 0.167187 0.222917
0 0.700000 0.441667 0.092188 0.097917
1 0.435937 0.316667 0.167187 0.222917
1 0.062500 0.683333 0.121875 0.212500
1 0.179688 0.897917 0.168750 0.202083
1 0.253125 0.195833 0.167187 0.222917
1 0.342187 0.100000 0.170313 0.195833
1 0.796875 0.539583 0.167187 0.222917
2 0.645312 0.843750 0.192188 0.172917
1 0.146875 0.100000 0.170313 0.195833
1 0.307812 0.872917 0.167187 0.222917
1 0.881250 0.189583 0.167187 0.222917
1 0.082812 0.377083 0.164062 0.222917
0 0.151562 0.300000 0.054688 0.068750
1 0.945312 0.637500 0.109375 0.210417
1 0.207813 0.456250 0.167187 0.222917
1 0.304688 0.868750 0.167187 0.222917
1 0.714063 0.162500 0.167187 0.222917
0 0.607812 0.745833 0.053125 0.064583
