0 0.550000 0.589583 0.054688 0.064583
1 0.426563 0.645833 0.187500 0.239583
2 0.367188 0.277083 0.339062 0.387500
1 0.731250 0.091667 0.160938 0.181250
1 0.865625 0.897917 0.126562 0.191667
1 0.578125 0.300000 0.167187 0.212500
1 0.873437 0.533333 0.171875 0.191667
1 0.881250 0.154167 0.157812 0.256250
1 0.067187 0.812500 0.132812 0.181250
1 0.757812 0.641667 0.212500 0.252083
1 0.160938 0.287500 0.148438 0.302083
1 0.662500 0.833333 0.185938 0.210417
1 0.062500 0.381250 0.121875 0.237500
1 0.159375 0.539583 0.173437 0.239583
1 0.576562 0.687500 0.171875 0.193750
