1 0.700000 0.720833 0.175000 0.210417
1 0.118750 0.310417 0.159375 0.247917
1 0.682813 0.233333 0.153125 0.210417
0 0.770312 0.131250 0.071875 0.085417
2 0.362500 0.375000 0.370312 0.475000
1 0.434375 0.927083 0.142187 0.139583
1 0.089063 0.102083 0.159375 0.202083
1 0.870313 0.875000 0.175000 0.210417
1 0.517188 0.129167 0.179688 0.233333
1 0.075000 0.768750 0.148438 0.229167
1 0.265625 0.081250 0.192188 0.158333
1 0.517188 0.741667 0.151562 0.208333
1 0.351562 0.804167 0.150000 0.229167
1 0.228125 0.927083 0.175000 0.137500
1 0.657813 0.481250 0.179688 0.241667
0 0.790625 0.487500 0.106250 0.139583
