1 0.843750 0.862500 0.189062 0.239583
1 0.657813 0.343750 0.140625 0.170833
1 0.671875 0.539583 0.189062 0.239583
0 0.223438 0.247917 0.070312 0.097917
1 0.521875 0.737500 0.253125 0.139583
0 0.053125 0.452083 0.057813 0.079167
1 0.207813 0.629167 0.151562 0.185417
1 0.418750 0.131250 0.148438 0.185417
1 0.178125 0.083333 0.132812 0.162500
1 0.510938 0.210417 0.195312 0.208333
1 0.167187 0.452083 0.100000 0.237500
0 0.704688 0.870833 0.095312 0.110417
1 0.787500 0.250000 0.140625 0.170833
1 0.453125 0.781250 0.157812 0.193750
