0 0.584375 0.129167 0.071875 0.077083
0 0.687500 0.877083 0.071875 0.077083
1 0.337500 0.735417 0.150000 0.204167
1 0.407813 0.131250 0.129688 0.181250
1 0.843750 0.504167 0.160938 0.206250
1 0.671875 0.545833 0.165625 0.216667
2 0.179688 0.568750 0.353125 0.358333
1 0.578125 0.887500 0.129688 0.210417
1 0.293750 0.908333 0.195312 0.179167
1 0.643750 0.402083 0.196875 0.195833
1 0.859375 0.297917 0.171875 0.254167
1 0.890625 0.843750 0.160938 0.206250
1 0.532813 0.695833 0.140625 0.220833
1 0.709375 0.731250 0.165625 0.216667
1 0.531250 0.947917 0.128125 0.102083
1 0.464062 0.781250 0.145313 0.266667
1 0.107813 0.800000 0.173437 0.206250
