1 0.265625 0.850000 0.157812 0.210417
1 0.828125 0.906250 0.135937 0.185417
1 0.685937 0.472917 0.195312 0.233333
1 0.829688 0.116667 0.179688 0.227083
2 0.293750 0.581250 0.254688 0.281250
1 0.295312 0.258333 0.181250 0.197917
1 0.207813 0.845833 0.157812 0.210417
1 0.835938 0.514583 0.157812 0.210417
1 0.729688 0.737500 0.157812 0.210417
1 0.562500 0.747917 0.157812 0.210417
1 0.101562 0.845833 0.157812 0.210417
1 0.382812 0.825000 0.157812 0.210417
0 0.882812 0.641667 0.054688 0.064583
1 0.145313 0.441667 0.145313 0.195833
1 0.264062 0.100000 0.181250 0.195833
0 0.035937 0.083333 0.068750 0.087500
1 0.121875 0.264583 0.207813 0.214583
