1 0.792188 0.741667 0.181250 0.154167
1 0.673438 0.391667 0.181250 0.193750
1 0.410938 0.822917 0.175000 0.187500
1 0.542188 0.310417 0.175000 0.187500
1 0.417187 0.252083 0.175000 0.187500
2 0.317188 0.572917 0.270313 0.354167
0 0.134375 0.460417 0.065625 0.077083
0 0.171875 0.420833 0.065625 0.077083
1 0.925000 0.883333 0.145313 0.233333
1 0.870313 0.118750 0.195312 0.235417
0 0.550000 0.031250 0.060937 0.060417
1 0.646875 0.822917 0.192188 0.283333
1 0.218750 0.850000 0.192188 0.212500
1 0.857812 0.572917 0.210938 0.216667
1 0.123438 0.220833 0.198437 0.197917
1 0.487500 0.729167 0.184375 0.218750
1 0.876563 0.422917 0.181250 0.179167
1 0.267188 0.350000 0.198437 0.197917
