1 0.068750 0.214583 0.134375 0.170833
1 0.262500 0.206250 0.160938 0.197917
1 0.859375 0.391667 0.160938 0.197917
1 0.626563 0.433333 0.139063 0.231250
1 0.412500 0.335417 0.129688 0.177083
1 0.256250 0.718750 0.131250 0.212500
1 0.818750 0.620833 0.164062 0.231250
1 0.520312 0.312500 0.142187 0.197917
1 0.551562 0.952083 0.160938 0.095833
1 0.934375 0.825000 0.131250 0.177083
1 0.237500 0.552083 0.131250 0.212500
1 0.335938 0.958333 0.156250 0.081250
1 0.804688 0.920833 0.153125 0.156250
1 0.115625 0.714583 0.160938 0.206250
2 0.434375 0.668750 0.243750 0.310417
