0 0.645312 0.445833 0.060937 0.064583
1 0.520312 0.154167 0.182812 0.216667
1 0.796875 0.231250 0.215625 0.216667
1 0.089063 0.506250 0.175000 0.191667
1 0.089063 0.164583 0.132812 0.281250
1 0.610938 0.264583 0.160938 0.191667
1 0.820312 0.422917 0.168750 0.250000
1 0.531250 0.391667 0.160938 0.191667
1 0.671875 0.622917 0.162500 0.208333
0 0.184375 0.716667 0.060937 0.064583
1 0.934375 0.872917 0.128125 0.252083
0 0.262500 0.031250 0.060937 0.060417
1 0.737500 0.889583 0.206250 0.220833
1 0.114062 0.435417 0.176563 0.191667
2 0.303125 0.589583 0.270313 0.370833
1 0.515625 0.904167 0.182812 0.189583
