1 0.470313 0.412500 0.151562 0.195833
1 0.218750 0.847917 0.170313 0.204167
2 0.742188 0.106250 0.276562 0.210417
1 0.862500 0.510417 0.173437 0.204167
1 0.089063 0.477083 0.173437 0.241667
1 0.354687 0.856250 0.170313 0.204167
1 0.789062 0.316667 0.215625 0.241667
0 0.259375 0.595833 0.062500 0.072917
1 0.362500 0.118750 0.170313 0.231250
1 0.559375 0.539583 0.198437 0.237500
1 0.748437 0.683333 0.173437 0.241667
1 0.546875 0.283333 0.176563 0.241667
1 0.579688 0.856250 0.170313 0.250000
1 0.073438 0.352083 0.145313 0.239583
1 0.414062 0.702083 0.198437 0.237500
1 0.262500 0.435417 0.170313 0.231250
0 0.471875 0.920833 0.062500 0.072917
