1 0.598437 0.102083 0.196875 0.202083
1 0.096875 0.327083 0.190625 0.231250
1 0.604688 0.295833 0.196875 0.204167
1 0.768750 0.179167 0.153125 0.225000
1 0.770312 0.904167 0.156250 0.185417
1 0.612500 0.508333 0.196875 0.204167
1 0.800000 0.414583 0.196875 0.204167
1 0.826562 0.614583 0.195312 0.252083
1 0.278125 0.741667 0.196875 0.204167
1 0.915625 0.170833 0.168750 0.260417
2 0.414062 0.566667 0.350000 0.470833
1 0.334375 0.920833 0.187500 0.156250
1 0.385937 0.243750 0.156250 0.189583
1 0.532813 0.856250 0.165625 0.245833
