1 0.665625 0.395833 0.146875 0.237500
2 0.379688 0.691667 0.292187 0.391667
1 0.317188 0.400000 0.145313 0.218750
1 0.857812 0.068750 0.159375 0.135417
1 0.634375 0.833333 0.148438 0.200000
1 0.729688 0.600000 0.159375 0.225000
1 0.571875 0.066667 0.156250 0.131250
1 0.778125 0.872917 0.159375 0.225000
1 0.512500 0.364583 0.150000 0.222917
1 0.073438 0.543750 0.143750 0.218750
1 0.187500 0.743750 0.148438 0.241667
1 0.739062 0.085417 0.157812 0.166667
1 0.123438 0.233333 0.167187 0.225000
1 0.623437 0.589583 0.159375 0.225000
