1 0.932813 0.702083 0.132812 0.231250
1 0.215625 0.156250 0.114062 0.218750
1 0.771875 0.185417 0.132812 0.231250
1 0.507812 0.141667 0.146875 0.218750
1 0.084375 0.820833 0.165625 0.243750
1 0.184375 0.922917 0.175000 0.152083
2 0.696875 0.562500 0.301563 0.370833
1 0.704688 0.227083 0.132812 0.231250
1 0.875000 0.102083 0.131250 0.202083
1 0.625000 0.289583 0.132812 0.231250
0 0.848437 0.739583 0.059375 0.089583
1 0.821875 0.150000 0.131250 0.231250
1 0.287500 0.154167 0.129688 0.216667
1 0.945312 0.850000 0.107813 0.233333
1 0.410938 0.712500 0.176563 0.245833
1 0.301563 0.416667 0.206250 0.291667
1 0.235937 0.741667 0.168750 0.243750
0 0.110937 0.220833 0.059375 0.089583
