1 0.915625 0.716667 0.137500 0.229167
0 0.396875 0.747917 0.067187 0.081250
1 0.768750 0.106250 0.192188 0.210417
1 0.626563 0.725000 0.142187 0.187500
1 0.775000 0.922917 0.151562 0.154167
1 0.892188 0.256250 0.145313 0.220833
1 0.143750 0.289583 0.185938 0.208333
1 0.560937 0.260417 0.195312 0.197917
0 0.598437 0.850000 0.067187 0.081250
1 0.214062 0.800000 0.185938 0.210417
1 0.056250 0.393750 0.110937 0.218750
1 0.325000 0.389583 0.156250 0.195833
1 0.951562 0.381250 0.095312 0.218750
1 0.450000 0.277083 0.200000 0.239583
1 0.428125 0.895833 0.185938 0.208333
1 0.175000 0.135417 0.185938 0.208333
2 0.479687 0.587500 0.223438 0.295833
