1 0.179688 0.737500 0.159375 0.216667
1 0.917188 0.854167 0.162500 0.225000
1 0.279687 0.131250 0.118750 0.189583
1 0.348438 0.804167 0.168750 0.287500
1 0.778125 0.572917 0.162500 0.225000
1 0.126562 0.233333 0.145313 0.195833
1 0.051562 0.420833 0.101562 0.239583
2 0.553125 0.866667 0.335938 0.266667
1 0.421875 0.447917 0.198437 0.229167
1 0.565625 0.195833 0.145313 0.195833
1 0.896875 0.312500 0.204687 0.235417
1 0.195312 0.525000 0.159375 0.216667
1 0.181250 0.418750 0.151562 0.197917
1 0.760938 0.816667 0.164062 0.187500
1 0.793750 0.118750 0.162500 0.225000
1 0.192188 0.868750 0.179688 0.191667
