1 0.507812 0.222917 0.171875 0.210417
1 0.381250 0.422917 0.168750 0.208333
1 0.829688 0.118750 0.137500 0.170833
1 0.345313 0.089583 0.192188 0.177083
2 0.642188 0.670833 0.220312 0.260417
1 0.601562 0.387500 0.187500 0.216667
1 0.829688 0.512500 0.168750 0.210417
1 0.889062 0.339583 0.137500 0.170833
1 0.262500 0.743750 0.178125 0.204167
1 0.101562 0.593750 0.151562 0.208333
1 0.403125 0.670833 0.151562 0.208333
1 0.090625 0.791667 0.178125 0.245833
0 0.712500 0.450000 0.056250 0.075000
1 0.753125 0.893750 0.168750 0.210417
