1 0.054688 0.818750 0.107813 0.200000
1 0.753125 0.141667 0.164062 0.229167
1 0.729688 0.391667 0.175000 0.229167
1 0.935937 0.800000 0.126562 0.227083
1 0.140625 0.672917 0.165625 0.218750
1 0.515625 0.881250 0.146875 0.229167
0 0.843750 0.039583 0.071875 0.075000
1 0.773438 0.633333 0.178125 0.225000
1 0.190625 0.216667 0.164062 0.229167
1 0.278125 0.560417 0.165625 0.218750
1 0.415625 0.714583 0.151562 0.197917
1 0.735938 0.902083 0.159375 0.195833
2 0.426563 0.306250 0.360938 0.466667
0 0.871875 0.393750 0.123438 0.145833
