1 0.653125 0.533333 0.185938 0.252083
1 0.156250 0.308333 0.167187 0.231250
2 0.453125 0.337500 0.331250 0.406250
1 0.403125 0.679167 0.164062 0.197917
1 0.418750 0.900000 0.164062 0.197917
0 0.206250 0.477083 0.064062 0.093750
1 0.184375 0.708333 0.190625 0.208333
1 0.759375 0.816667 0.170313 0.220833
0 0.834375 0.352083 0.051562 0.093750
1 0.259375 0.168750 0.164062 0.231250
1 0.575000 0.708333 0.185938 0.252083
0 0.709375 0.345833 0.085938 0.108333
1 0.815625 0.516667 0.154688 0.202083
1 0.276562 0.860417 0.145313 0.216667
