1 0.901563 0.583333 0.134375 0.216667
1 0.054688 0.327083 0.107813 0.247917
1 0.203125 0.595833 0.128125 0.181250
1 0.931250 0.877083 0.134375 0.245833
1 0.084375 0.712500 0.165625 0.256250
1 0.306250 0.372917 0.167187 0.256250
1 0.064062 0.475000 0.126562 0.181250
2 0.534375 0.166667 0.273438 0.331250
1 0.692187 0.266667 0.181250 0.220833
1 0.592187 0.708333 0.160938 0.210417
1 0.339062 0.564583 0.160938 0.210417
1 0.362500 0.062500 0.125000 0.122917
1 0.685937 0.450000 0.162500 0.206250
1 0.510938 0.810417 0.190625 0.254167
1 0.421875 0.466667 0.143750 0.197917
1 0.739062 0.481250 0.100000 0.150000
1 0.931250 0.108333 0.135937 0.214583
1 0.396875 0.745833 0.160938 0.210417
1 0.292187 0.925000 0.182812 0.147917
1 0.264062 0.070833 0.157812 0.139583
1 0.815625 0.258333 0.189062 0.275000
