1 0.634375 0.191667 0.165625 0.204167
1 0.396875 0.364583 0.182812 0.166667
1 0.795312 0.752083 0.165625 0.204167
1 0.357812 0.918750 0.159375 0.162500
1 0.576562 0.191667 0.165625 0.204167
1 0.257812 0.089583 0.175000 0.175000
1 0.917188 0.800000 0.165625 0.204167
1 0.298438 0.243750 0.134375 0.229167
1 0.075000 0.483333 0.148438 0.277083
1 0.882812 0.327083 0.189062 0.225000
1 0.782813 0.089583 0.196875 0.175000
1 0.490625 0.918750 0.159375 0.162500
1 0.823438 0.908333 0.250000 0.183333
1 0.079687 0.081250 0.157812 0.158333
2 0.248438 0.587500 0.367188 0.412500
1 0.901563 0.622917 0.165625 0.204167
1 0.654687 0.758333 0.165625 0.204167
1 0.428125 0.139583 0.165625 0.204167
