1 0.370312 0.308333 0.218750 0.202083
1 0.446875 0.631250 0.140625 0.183333
1 0.412500 0.066667 0.170313 0.131250
1 0.070312 0.575000 0.137500 0.264583
1 0.568750 0.587500 0.176563 0.177083
1 0.825000 0.318750 0.140625 0.183333
1 0.946875 0.487500 0.106250 0.220833
1 0.364063 0.800000 0.139063 0.162500
1 0.710938 0.408333 0.140625 0.183333
1 0.515625 0.941667 0.139063 0.116667
1 0.915625 0.666667 0.140625 0.183333
1 0.104688 0.089583 0.145313 0.177083
1 0.637500 0.431250 0.140625 0.183333
1 0.937500 0.266667 0.121875 0.227083
1 0.281250 0.156250 0.156250 0.206250
1 0.185938 0.485417 0.140625 0.183333
1 0.193750 0.802083 0.179688 0.256250
2 0.610938 0.172917 0.279687 0.343750
1 0.115625 0.220833 0.178125 0.256250
1 0.545312 0.429167 0.140625 0.183333
1 0.742188 0.364583 0.140625 0.183333
1 0.450000 0.485417 0.140625 0.183333
