1 0.717187 0.808333 0.195312 0.185417
1 0.743750 0.229167 0.189062 0.239583
1 0.723437 0.497917 0.204687 0.179167
1 0.607812 0.741667 0.157812 0.210417
1 0.073438 0.866667 0.143750 0.216667
0 0.073438 0.643750 0.073438 0.075000
1 0.923438 0.247917 0.151562 0.239583
1 0.382812 0.072917 0.189062 0.143750
2 0.373437 0.522917 0.387500 0.489583
1 0.775000 0.708333 0.195312 0.185417
1 0.375000 0.835417 0.162500 0.191667
1 0.503125 0.814583 0.118750 0.179167
1 0.948438 0.485417 0.103125 0.227083
1 0.517188 0.197917 0.162500 0.216667
1 0.203125 0.237500 0.187500 0.179167
