1 0.614062 0.585417 0.198437 0.247917
1 0.817187 0.275000 0.143750 0.189583
1 0.298438 0.654167 0.170313 0.229167
1 0.803125 0.485417 0.185938 0.231250
1 0.770312 0.725000 0.198437 0.250000
1 0.154688 0.270833 0.175000 0.206250
1 0.200000 0.770833 0.162500 0.214583
1 0.928125 0.095833 0.143750 0.187500
1 0.195312 0.085417 0.168750 0.168750
2 0.423438 0.214583 0.401562 0.385417
1 0.125000 0.485417 0.173437 0.214583
1 0.779687 0.091667 0.145313 0.179167
1 0.656250 0.825000 0.185938 0.231250
1 0.459375 0.897917 0.182812 0.202083
1 0.720313 0.293750 0.143750 0.189583
1 0.460938 0.731250 0.182812 0.227083
