1 0.465625 0.141667 0.187500 0.185417
1 0.067187 0.872917 0.132812 0.204167
1 0.392188 0.800000 0.160938 0.202083
1 0.901563 0.329167 0.173437 0.231250
1 0.540625 0.318750 0.234375 0.166667
1 0.592187 0.925000 0.156250 0.147917
0 0.034375 0.056250 0.056250 0.060417
1 0.357812 0.602083 0.195312 0.166667
0 0.837500 0.885417 0.071875 0.085417
1 0.557813 0.633333 0.165625 0.220833
1 0.890625 0.500000 0.142187 0.231250
2 0.131250 0.395833 0.260937 0.410417
1 0.182812 0.120833 0.162500 0.212500
1 0.707812 0.562500 0.181250 0.208333
