1 0.401562 0.285417 0.131250 0.208333
1 0.767188 0.731250 0.175000 0.204167
1 0.515625 0.189583 0.159375 0.225000
2 0.362500 0.631250 0.325000 0.366667
1 0.582812 0.810417 0.159375 0.225000
1 0.832812 0.433333 0.162500 0.183333
1 0.834375 0.112500 0.145313 0.181250
1 0.082812 0.800000 0.151562 0.206250
1 0.285938 0.887500 0.162500 0.183333
1 0.325000 0.087500 0.162500 0.172917
1 0.896875 0.091667 0.145313 0.179167
1 0.710938 0.264583 0.171875 0.225000
1 0.085938 0.622917 0.159375 0.225000
1 0.437500 0.889583 0.185938 0.154167
1 0.042188 0.318750 0.081250 0.216667
0 0.625000 0.131250 0.057813 0.066667
1 0.750000 0.839583 0.175000 0.204167
