1 0.129688 0.675000 0.160938 0.218750
0 0.426563 0.145833 0.064062 0.097917
1 0.895312 0.102083 0.187500 0.202083
1 0.078125 0.100000 0.150000 0.197917
1 0.559375 0.131250 0.160938 0.218750
1 0.779687 0.750000 0.220312 0.247917
1 0.307812 0.818750 0.160938 0.218750
1 0.701562 0.558333 0.184375 0.177083
0 0.026562 0.206250 0.051562 0.100000
1 0.848437 0.925000 0.176563 0.150000
1 0.451562 0.868750 0.162500 0.233333
1 0.518750 0.627083 0.150000 0.179167
1 0.212500 0.520833 0.154688 0.204167
1 0.475000 0.754167 0.162500 0.233333
2 0.725000 0.308333 0.310937 0.350000
1 0.612500 0.887500 0.164062 0.225000
