1 0.876563 0.170833 0.143750 0.170833
0 0.609375 0.168750 0.053125 0.081250
1 0.084375 0.262500 0.125000 0.206250
2 0.740625 0.760417 0.184375 0.256250
1 0.684375 0.468750 0.145313 0.195833
1 0.156250 0.508333 0.123438 0.210417
1 0.673438 0.160417 0.145313 0.195833
1 0.112500 0.400000 0.156250 0.210417
1 0.206250 0.570833 0.123438 0.210417
1 0.340625 0.600000 0.146875 0.216667
1 0.923438 0.393750 0.146875 0.256250
1 0.926562 0.789583 0.145313 0.195833
1 0.926562 0.902083 0.145313 0.195833
1 0.320312 0.879167 0.156250 0.137500
1 0.834375 0.902083 0.145313 0.195833
0 0.245312 0.283333 0.053125 0.081250
1 0.757812 0.495833 0.145313 0.195833
1 0.510938 0.281250 0.143750 0.170833
1 0.814063 0.575000 0.145313 0.195833
1 0.226562 0.910417 0.153125 0.160417
1 0.809375 0.158333 0.145313 0.256250
1 0.079687 0.645833 0.125000 0.206250
1 0.487500 0.495833 0.146875 0.216667
1 0.285938 0.129167 0.145313 0.195833
1 0.243750 0.589583 0.123438 0.210417
1 0.375000 0.362500 0.168750 0.258333
1 0.092188 0.752083 0.125000 0.206250
