1 0.825000 0.931250 0.153125 0.135417
1 0.935937 0.435417 0.128125 0.175000
1 0.935937 0.752083 0.128125 0.175000
1 0.298438 0.497917 0.151562 0.210417
1 0.662500 0.339583 0.234375 0.179167
1 0.054688 0.108333 0.107813 0.210417
1 0.073438 0.502083 0.145313 0.183333
1 0.793750 0.218750 0.157812 0.229167
1 0.609375 0.654167 0.146875 0.177083
1 0.471875 0.589583 0.154688 0.179167
2 0.325000 0.108333 0.228125 0.214583
1 0.659375 0.133333 0.154688 0.179167
1 0.092188 0.883333 0.159375 0.158333
1 0.712500 0.702083 0.151562 0.231250
1 0.364063 0.697917 0.154688 0.179167
1 0.235937 0.358333 0.156250 0.216667
1 0.553125 0.179167 0.154688 0.179167
