0 0.529687 0.266667 0.053125 0.077083
1 0.900000 0.793750 0.142187 0.177083
1 0.651563 0.664583 0.181250 0.250000
0 0.587500 0.287500 0.053125 0.077083
1 0.142187 0.431250 0.178125 0.147917
0 0.054688 0.262500 0.062500 0.079167
1 0.684375 0.406250 0.156250 0.200000
1 0.456250 0.156250 0.178125 0.216667
0 0.628125 0.225000 0.064062 0.081250
1 0.525000 0.710417 0.142187 0.177083
1 0.512500 0.847917 0.142187 0.177083
1 0.843750 0.579167 0.181250 0.250000
2 0.073438 0.597917 0.145313 0.264583
1 0.115625 0.908333 0.142187 0.177083
