2 0.217188 0.583333 0.362500 0.595833
1 0.285938 0.908333 0.150000 0.181250
1 0.790625 0.314583 0.189062 0.227083
1 0.531250 0.068750 0.168750 0.133333
1 0.345313 0.145833 0.210938 0.237500
1 0.090625 0.097917 0.178125 0.193750
1 0.656250 0.489583 0.150000 0.181250
1 0.562500 0.762500 0.148438 0.200000
1 0.429688 0.756250 0.153125 0.314583
1 0.793750 0.777083 0.209375 0.206250
1 0.109375 0.283333 0.196875 0.252083
1 0.425000 0.316667 0.182812 0.189583
1 0.514062 0.900000 0.148438 0.200000
1 0.571875 0.308333 0.214062 0.262500
0 0.737500 0.900000 0.064062 0.070833
1 0.551562 0.533333 0.150000 0.181250
1 0.823438 0.412500 0.150000 0.181250
