1 0.403125 0.747917 0.140625 0.227083
1 0.917188 0.879167 0.165625 0.212500
1 0.185938 0.885417 0.173437 0.222917
1 0.529687 0.952083 0.129688 0.095833
2 0.453125 0.391667 0.303125 0.402083
1 0.879687 0.120833 0.165625 0.212500
1 0.517188 0.075000 0.190625 0.145833
1 0.464062 0.943750 0.134375 0.110417
1 0.856250 0.731250 0.165625 0.212500
1 0.117188 0.729167 0.182812 0.216667
1 0.456250 0.768750 0.140625 0.227083
1 0.901563 0.204167 0.193750 0.225000
1 0.368750 0.718750 0.140625 0.227083
1 0.206250 0.243750 0.193750 0.225000
1 0.125000 0.370833 0.193750 0.225000
