1 0.376563 0.135417 0.179688 0.220833
1 0.857812 0.560417 0.154688 0.231250
1 0.584375 0.916667 0.156250 0.158333
1 0.789062 0.920833 0.156250 0.158333
1 0.804688 0.239583 0.153125 0.243750
1 0.581250 0.912500 0.170313 0.175000
1 0.667188 0.312500 0.182812 0.304167
1 0.403125 0.854167 0.171875 0.189583
1 0.226562 0.297917 0.171875 0.189583
1 0.489063 0.702083 0.181250 0.227083
1 0.253125 0.181250 0.179688 0.220833
1 0.720313 0.737500 0.175000 0.275000
1 0.925000 0.200000 0.142187 0.200000
1 0.946875 0.458333 0.101562 0.252083
