1 0.443750 0.731250 0.162500 0.222917
1 0.768750 0.047917 0.167187 0.091667
1 0.103125 0.093750 0.148438 0.185417
0 0.428125 0.577083 0.051562 0.058333
1 0.262500 0.147917 0.181250 0.191667
1 0.537500 0.200000 0.150000 0.189583
1 0.654687 0.250000 0.150000 0.189583
1 0.075000 0.145833 0.146875 0.187500
1 0.931250 0.100000 0.137500 0.197917
1 0.490625 0.893750 0.140625 0.210417
1 0.720313 0.893750 0.140625 0.210417
0 0.348438 0.475000 0.051562 0.058333
2 0.515625 0.422917 0.164062 0.233333
1 0.151562 0.345833 0.204687 0.266667
1 0.301563 0.766667 0.170313 0.210417
1 0.534375 0.668750 0.162500 0.222917
1 0.400000 0.095833 0.179688 0.189583
1 0.692187 0.470833 0.159375 0.206250
0 0.040625 0.612500 0.043750 0.070833
1 0.810937 0.189583 0.128125 0.185417
1 0.673438 0.672917 0.168750 0.208333
