1 0.687500 0.104167 0.142187 0.191667
1 0.509375 0.608333 0.142187 0.193750
1 0.240625 0.514583 0.176563 0.214583
1 0.881250 0.150000 0.126562 0.193750
1 0.935937 0.429167 0.126562 0.193750
2 0.720313 0.535417 0.273438 0.318750
0 0.418750 0.887500 0.060937 0.085417
1 0.562500 0.383333 0.137500 0.225000
1 0.140625 0.731250 0.137500 0.235417
1 0.835938 0.908333 0.140625 0.170833
1 0.221875 0.312500 0.148438 0.214583
1 0.714063 0.837500 0.150000 0.191667
1 0.398438 0.762500 0.142187 0.187500
1 0.287500 0.825000 0.167187 0.208333
1 0.359375 0.266667 0.142187 0.177083
1 0.231250 0.083333 0.206250 0.162500
