1 0.229687 0.525000 0.129688 0.183333
1 0.609375 0.758333 0.184375 0.225000
1 0.476562 0.395833 0.131250 0.168750
1 0.765625 0.883333 0.193750 0.233333
1 0.910937 0.656250 0.173437 0.231250
1 0.393750 0.110417 0.151562 0.216667
0 0.576562 0.466667 0.068750 0.077083
1 0.081250 0.277083 0.129688 0.183333
1 0.079687 0.754167 0.129688 0.183333
1 0.232813 0.168750 0.146875 0.170833
1 0.887500 0.350000 0.129688 0.183333
1 0.557813 0.158333 0.184375 0.225000
2 0.364063 0.745833 0.237500 0.318750
1 0.139063 0.397917 0.140625 0.177083
