1 0.401562 0.239583 0.160938 0.264583
1 0.171875 0.381250 0.154688 0.218750
1 0.868750 0.222917 0.168750 0.208333
1 0.070312 0.158333 0.137500 0.183333
1 0.231250 0.143750 0.140625 0.183333
1 0.932813 0.464583 0.132812 0.212500
1 0.062500 0.391667 0.123438 0.208333
1 0.779687 0.806250 0.145313 0.195833
1 0.496875 0.779167 0.151562 0.231250
2 0.642188 0.391667 0.446875 0.406250
1 0.318750 0.470833 0.126562 0.220833
1 0.776563 0.662500 0.145313 0.195833
1 0.395313 0.883333 0.151562 0.231250
1 0.467187 0.608333 0.164062 0.183333
1 0.225000 0.568750 0.118750 0.189583
1 0.679688 0.108333 0.168750 0.208333
