1 0.096875 0.377083 0.189062 0.222917
1 0.637500 0.268750 0.168750 0.208333
1 0.925000 0.183333 0.148438 0.197917
1 0.839063 0.372917 0.167187 0.212500
1 0.264062 0.097917 0.160938 0.191667
0 0.871875 0.756250 0.048438 0.060417
1 0.356250 0.808333 0.148438 0.208333
1 0.284375 0.672917 0.189062 0.222917
1 0.451562 0.437500 0.187500 0.187500
2 0.690625 0.750000 0.245312 0.297917
1 0.792188 0.543750 0.209375 0.141667
1 0.767188 0.193750 0.168750 0.208333
1 0.468750 0.191667 0.189062 0.222917
1 0.575000 0.506250 0.173437 0.195833
