1 0.895312 0.197917 0.129688 0.195833
1 0.720313 0.775000 0.160938 0.239583
1 0.662500 0.408333 0.160938 0.193750
1 0.565625 0.537500 0.204687 0.237500
1 0.428125 0.610417 0.134375 0.177083
1 0.253125 0.097917 0.232813 0.191667
2 0.314063 0.379167 0.293750 0.354167
1 0.129688 0.456250 0.132812 0.254167
1 0.285938 0.847917 0.181250 0.170833
1 0.579688 0.372917 0.160938 0.193750
1 0.848437 0.504167 0.160938 0.193750
1 0.043750 0.391667 0.085938 0.277083
1 0.898438 0.810417 0.160938 0.239583
1 0.445312 0.914583 0.181250 0.170833
1 0.339062 0.687500 0.165625 0.191667
1 0.800000 0.843750 0.160938 0.239583
