1 0.657813 0.070833 0.148438 0.137500
1 0.381250 0.352083 0.184375 0.256250
2 0.150000 0.550000 0.298438 0.422917
0 0.285938 0.712500 0.068750 0.091667
1 0.693750 0.541667 0.164062 0.218750
1 0.546875 0.877083 0.142187 0.212500
1 0.395313 0.729167 0.212500 0.222917
1 0.668750 0.747917 0.164062 0.218750
1 0.370312 0.114583 0.189062 0.225000
1 0.923438 0.343750 0.151562 0.204167
1 0.914062 0.220833 0.171875 0.170833
1 0.856250 0.070833 0.148438 0.137500
1 0.564063 0.202083 0.184375 0.222917
1 0.184375 0.114583 0.206250 0.137500
