1 0.571875 0.447917 0.167187 0.222917
1 0.634375 0.643750 0.184375 0.216667
1 0.704688 0.533333 0.137500 0.172917
0 0.796875 0.170833 0.076563 0.083333
1 0.300000 0.520833 0.193750 0.179167
1 0.896875 0.643750 0.182812 0.222917
1 0.473438 0.922917 0.185938 0.152083
1 0.153125 0.700000 0.131250 0.291667
1 0.173437 0.252083 0.192188 0.218750
1 0.812500 0.068750 0.137500 0.135417
1 0.450000 0.508333 0.137500 0.285417
1 0.100000 0.527083 0.175000 0.185417
1 0.485938 0.768750 0.170313 0.172917
1 0.642188 0.868750 0.150000 0.262500
1 0.901563 0.322917 0.182812 0.222917
2 0.473438 0.193750 0.343750 0.385417
