1 0.506250 0.381250 0.156250 0.193750
1 0.742188 0.077083 0.128125 0.152083
1 0.276562 0.916667 0.145313 0.164583
1 0.309375 0.731250 0.140625 0.177083
1 0.828125 0.662500 0.139063 0.183333
1 0.214062 0.337500 0.146875 0.183333
1 0.937500 0.377083 0.123438 0.206250
1 0.959375 0.720833 0.079687 0.175000
1 0.882812 0.052083 0.156250 0.102083
1 0.837500 0.216667 0.173437 0.206250
2 0.470313 0.845833 0.210938 0.308333
1 0.521875 0.137500 0.198437 0.200000
1 0.671875 0.479167 0.167187 0.227083
1 0.909375 0.908333 0.173437 0.183333
