1 0.635938 0.106250 0.170313 0.208333
1 0.921875 0.654167 0.156250 0.189583
2 0.776563 0.300000 0.232813 0.285417
1 0.948438 0.454167 0.103125 0.250000
1 0.054688 0.370833 0.107813 0.191667
1 0.895312 0.812500 0.185938 0.202083
1 0.567187 0.672917 0.189062 0.245833
1 0.362500 0.475000 0.185938 0.237500
1 0.545312 0.345833 0.165625 0.285417
1 0.473438 0.122917 0.146875 0.200000
1 0.393750 0.143750 0.146875 0.200000
1 0.054688 0.825000 0.106250 0.245833
1 0.535937 0.900000 0.123438 0.200000
1 0.939063 0.089583 0.121875 0.177083
1 0.171875 0.266667 0.190625 0.277083
