1 0.803125 0.514583 0.176563 0.204167
1 0.892188 0.272917 0.184375 0.235417
1 0.810937 0.256250 0.159375 0.216667
0 0.589063 0.208333 0.054688 0.062500
1 0.657813 0.185417 0.176563 0.204167
1 0.445312 0.166667 0.176563 0.204167
1 0.720313 0.602083 0.176563 0.204167
1 0.521875 0.847917 0.176563 0.204167
1 0.123438 0.193750 0.176563 0.204167
1 0.910937 0.739583 0.176563 0.204167
1 0.157812 0.897917 0.129688 0.204167
2 0.312500 0.893750 0.181250 0.212500
1 0.120313 0.747917 0.176563 0.204167
1 0.360938 0.454167 0.176563 0.204167
1 0.698438 0.920833 0.150000 0.156250
1 0.190625 0.404167 0.225000 0.250000
1 0.276562 0.685417 0.176563 0.204167
