1 0.453125 0.093750 0.146875 0.183333
1 0.668750 0.395833 0.162500 0.202083
1 0.167187 0.747917 0.170313 0.220833
1 0.309375 0.093750 0.146875 0.183333
1 0.467187 0.595833 0.190625 0.214583
1 0.876563 0.529167 0.162500 0.202083
1 0.598437 0.160417 0.210938 0.316667
1 0.364063 0.547917 0.179688 0.214583
2 0.703125 0.727083 0.350000 0.420833
1 0.053125 0.545833 0.104688 0.247917
1 0.337500 0.347917 0.170313 0.220833
1 0.534375 0.822917 0.110937 0.247917
1 0.323437 0.800000 0.153125 0.268750
1 0.829688 0.318750 0.162500 0.202083
