2 0.565625 0.879167 0.234375 0.241667
1 0.884375 0.487500 0.168750 0.183333
1 0.154688 0.845833 0.162500 0.202083
1 0.898438 0.912500 0.173437 0.175000
1 0.900000 0.620833 0.168750 0.183333
1 0.703125 0.481250 0.134375 0.158333
1 0.917188 0.247917 0.165625 0.256250
1 0.473438 0.650000 0.162500 0.202083
1 0.320312 0.897917 0.162500 0.202083
1 0.817187 0.075000 0.218750 0.145833
1 0.131250 0.102083 0.178125 0.202083
1 0.210938 0.768750 0.162500 0.202083
1 0.071875 0.233333 0.140625 0.197917
1 0.600000 0.418750 0.162500 0.202083
2 0.309375 0.433333 0.223438 0.270833
1 0.073438 0.641667 0.145313 0.258333
1 0.934375 0.752083 0.131250 0.177083
0 0.201563 0.558333 0.059375 0.087500
0 0.565625 0.268750 0.059375 0.087500
0 0.420312 0.839583 0.089063 0.093750
1 0.159375 0.227083 0.142187 0.197917
