0 0.592187 0.670833 0.067187 0.093750
2 0.587500 0.841667 0.234375 0.241667
1 0.092188 0.697917 0.162500 0.200000
1 0.443750 0.091667 0.162500 0.181250
1 0.084375 0.920833 0.126562 0.156250
1 0.465625 0.639583 0.171875 0.172917
0 0.421875 0.227083 0.067187 0.093750
1 0.245312 0.110417 0.167187 0.218750
1 0.454688 0.462500 0.162500 0.200000
1 0.626563 0.493750 0.171875 0.172917
1 0.300000 0.666667 0.134375 0.170833
1 0.851562 0.304167 0.162500 0.200000
1 0.746875 0.070833 0.106250 0.137500
1 0.271875 0.875000 0.115625 0.160417
1 0.557813 0.231250 0.181250 0.212500
1 0.868750 0.160417 0.178125 0.206250
