1 0.789062 0.502083 0.151562 0.210417
1 0.792188 0.902083 0.153125 0.193750
1 0.587500 0.918750 0.164062 0.162500
1 0.660937 0.602083 0.151562 0.210417
1 0.526563 0.672917 0.143750 0.222917
1 0.946875 0.843750 0.106250 0.206250
1 0.371875 0.354167 0.125000 0.220833
1 0.295312 0.345833 0.125000 0.220833
1 0.642188 0.918750 0.164062 0.162500
2 0.112500 0.545833 0.221875 0.295833
1 0.814063 0.808333 0.151562 0.210417
1 0.557813 0.468750 0.181250 0.214583
1 0.565625 0.085417 0.204687 0.166667
1 0.059375 0.777083 0.115625 0.214583
1 0.832812 0.689583 0.151562 0.210417
0 0.665625 0.227083 0.065625 0.095833
1 0.532813 0.366667 0.171875 0.220833
1 0.053125 0.264583 0.103125 0.266667
1 0.856250 0.600000 0.151562 0.210417
0 0.575000 0.237500 0.065625 0.095833
1 0.782813 0.202083 0.176563 0.258333
1 0.909375 0.160417 0.179688 0.293750
1 0.275000 0.643750 0.167187 0.252083
