1 0.201563 0.464583 0.157812 0.231250
1 0.779687 0.377083 0.159375 0.222917
1 0.228125 0.085417 0.160938 0.166667
1 0.528125 0.652083 0.159375 0.222917
0 0.868750 0.268750 0.073438 0.089583
1 0.078125 0.202083 0.150000 0.166667
1 0.626563 0.108333 0.101562 0.143750
1 0.404687 0.179167 0.170313 0.235417
1 0.356250 0.820833 0.156250 0.183333
1 0.745313 0.604167 0.148438 0.195833
1 0.734375 0.900000 0.148438 0.197917
2 0.126562 0.706250 0.250000 0.312500
1 0.629687 0.360417 0.157812 0.210417
1 0.331250 0.385417 0.156250 0.183333
