1 0.706250 0.462500 0.146875 0.214583
1 0.214062 0.902083 0.210938 0.183333
1 0.068750 0.652083 0.135937 0.195833
1 0.804688 0.656250 0.146875 0.214583
1 0.410938 0.327083 0.175000 0.214583
1 0.246875 0.089583 0.160938 0.177083
1 0.925000 0.772917 0.148438 0.235417
1 0.570312 0.162500 0.200000 0.237500
1 0.479687 0.885417 0.148438 0.229167
1 0.923438 0.616667 0.150000 0.225000
1 0.848437 0.327083 0.175000 0.214583
1 0.825000 0.083333 0.151562 0.164583
1 0.659375 0.456250 0.096875 0.212500
2 0.307812 0.691667 0.281250 0.377083
1 0.078125 0.395833 0.153125 0.216667
