1 0.870313 0.460417 0.168750 0.222917
1 0.160938 0.406250 0.168750 0.222917
1 0.173437 0.697917 0.132812 0.197917
1 0.554688 0.158333 0.168750 0.222917
0 0.810937 0.683333 0.054688 0.075000
0 0.903125 0.800000 0.054688 0.075000
2 0.421875 0.695833 0.232813 0.320833
1 0.062500 0.789583 0.121875 0.233333
1 0.896875 0.306250 0.168750 0.222917
1 0.873437 0.172917 0.168750 0.222917
0 0.578125 0.941667 0.054688 0.075000
2 0.095312 0.202083 0.187500 0.237500
1 0.678125 0.760417 0.148438 0.193750
1 0.723437 0.222917 0.168750 0.222917
