1 0.490625 0.777083 0.173437 0.233333
1 0.764062 0.700000 0.135937 0.281250
2 0.271875 0.160417 0.212500 0.272917
0 0.529687 0.333333 0.071875 0.083333
1 0.195312 0.577083 0.173437 0.233333
1 0.679688 0.400000 0.135937 0.281250
1 0.931250 0.379167 0.135937 0.281250
1 0.935937 0.091667 0.126562 0.179167
1 0.760938 0.120833 0.168750 0.237500
1 0.493750 0.214583 0.178125 0.193750
1 0.912500 0.695833 0.173437 0.233333
1 0.093750 0.283333 0.184375 0.266667
0 0.589063 0.489583 0.071875 0.083333
1 0.256250 0.829167 0.217188 0.231250
