2 0.700000 0.672917 0.368750 0.468750
1 0.501563 0.818750 0.157812 0.229167
0 0.395313 0.897917 0.076563 0.085417
1 0.804688 0.100000 0.123438 0.195833
1 0.932813 0.147917 0.132812 0.216667
1 0.134375 0.395833 0.185938 0.229167
1 0.517188 0.235417 0.160938 0.189583
0 0.682813 0.285417 0.057813 0.075000
1 0.517188 0.466667 0.154688 0.235417
1 0.734375 0.195833 0.115625 0.185417
1 0.190625 0.614583 0.173437 0.206250
0 0.251563 0.479167 0.067187 0.085417
1 0.389062 0.620833 0.179688 0.291667
1 0.184375 0.741667 0.173437 0.206250
1 0.846875 0.316667 0.153125 0.195833
