1 0.434375 0.487500 0.150000 0.214583
1 0.328125 0.191667 0.150000 0.214583
1 0.848437 0.718750 0.150000 0.170833
1 0.345313 0.672917 0.150000 0.214583
1 0.685937 0.295833 0.154688 0.216667
1 0.620313 0.914583 0.150000 0.170833
1 0.423438 0.675000 0.150000 0.214583
1 0.779687 0.791667 0.150000 0.170833
1 0.678125 0.889583 0.150000 0.170833
1 0.456250 0.854167 0.162500 0.206250
1 0.584375 0.595833 0.150000 0.214583
1 0.809375 0.520833 0.150000 0.170833
1 0.932813 0.372917 0.132812 0.168750
1 0.757812 0.504167 0.150000 0.170833
1 0.078125 0.335417 0.153125 0.216667
1 0.817187 0.750000 0.150000 0.170833
1 0.203125 0.252083 0.156250 0.216667
1 0.207813 0.802083 0.162500 0.206250
1 0.601562 0.110417 0.132812 0.168750
2 0.878125 0.170833 0.221875 0.256250
1 0.865625 0.547917 0.150000 0.170833
0 0.293750 0.056250 0.048438 0.058333
1 0.353125 0.297917 0.132812 0.168750
1 0.715625 0.835417 0.150000 0.170833
