1 0.404687 0.631250 0.165625 0.214583
1 0.139063 0.668750 0.150000 0.206250
1 0.384375 0.793750 0.165625 0.214583
2 0.628125 0.227083 0.439063 0.450000
1 0.626563 0.758333 0.162500 0.241667
1 0.353125 0.295833 0.157812 0.206250
1 0.889062 0.454167 0.200000 0.191667
1 0.918750 0.260417 0.162500 0.241667
1 0.131250 0.131250 0.201563 0.214583
1 0.154688 0.804167 0.165625 0.214583
1 0.309375 0.614583 0.132812 0.185417
1 0.076563 0.352083 0.151562 0.239583
1 0.728125 0.493750 0.159375 0.191667
1 0.860938 0.893750 0.200000 0.179167
