1 0.121875 0.635417 0.182812 0.208333
1 0.857812 0.393750 0.167187 0.210417
2 0.464062 0.247917 0.292187 0.445833
0 0.740625 0.968750 0.062500 0.060417
1 0.856250 0.631250 0.168750 0.241667
1 0.929688 0.106250 0.139063 0.208333
1 0.687500 0.808333 0.168750 0.291667
1 0.923438 0.843750 0.151562 0.256250
1 0.414062 0.668750 0.173437 0.277083
1 0.290625 0.100000 0.171875 0.195833
1 0.264062 0.789583 0.167187 0.210417
1 0.084375 0.316667 0.167187 0.241667
1 0.267188 0.477083 0.170313 0.245833
0 0.584375 0.764583 0.060937 0.072917
0 0.584375 0.458333 0.079687 0.108333
