1 0.718750 0.429167 0.139063 0.162500
1 0.073438 0.266667 0.145313 0.214583
1 0.481250 0.935417 0.143750 0.127083
1 0.843750 0.418750 0.110937 0.160417
2 0.321875 0.468750 0.304688 0.443750
1 0.826562 0.589583 0.167187 0.202083
1 0.246875 0.122917 0.168750 0.241667
1 0.231250 0.883333 0.196875 0.218750
1 0.785937 0.312500 0.139063 0.162500
1 0.476562 0.260417 0.146875 0.191667
1 0.384375 0.808333 0.146875 0.214583
1 0.606250 0.208333 0.145313 0.216667
1 0.585938 0.264583 0.182812 0.220833
1 0.101562 0.733333 0.160938 0.235417
1 0.704688 0.712500 0.146875 0.214583
1 0.790625 0.397917 0.139063 0.204167
