1 0.093750 0.618750 0.179688 0.189583
2 0.110937 0.843750 0.204687 0.310417
0 0.678125 0.160417 0.079687 0.077083
0 0.731250 0.868750 0.054688 0.070833
1 0.234375 0.631250 0.140625 0.243750
0 0.134375 0.187500 0.048438 0.058333
0 0.875000 0.829167 0.081250 0.116667
0 0.634375 0.952083 0.079687 0.070833
1 0.434375 0.502083 0.195312 0.227083
1 0.087500 0.437500 0.160938 0.202083
1 0.212500 0.350000 0.134375 0.166667
1 0.556250 0.562500 0.179688 0.189583
1 0.681250 0.579167 0.193750 0.206250
1 0.343750 0.931250 0.187500 0.135417
0 0.764062 0.939583 0.081250 0.095833
1 0.362500 0.760417 0.198437 0.164583
