1 0.289062 0.285417 0.162500 0.172917
1 0.360938 0.100000 0.225000 0.197917
1 0.504687 0.766667 0.164062 0.202083
1 0.257812 0.456250 0.151562 0.189583
1 0.587500 0.641667 0.179688 0.208333
1 0.871875 0.731250 0.179688 0.208333
1 0.517188 0.220833 0.164062 0.202083
1 0.690625 0.547917 0.179688 0.208333
1 0.725000 0.741667 0.146875 0.177083
1 0.704688 0.847917 0.146875 0.177083
1 0.254688 0.666667 0.182812 0.197917
1 0.382812 0.864583 0.182812 0.197917
1 0.851562 0.439583 0.179688 0.266667
2 0.187500 0.900000 0.307812 0.200000
1 0.189062 0.477083 0.151562 0.189583
1 0.425000 0.437500 0.143750 0.202083
1 0.096875 0.268750 0.123438 0.260417
1 0.535937 0.429167 0.164062 0.202083
