1 0.231250 0.833333 0.164062 0.229167
2 0.373437 0.535417 0.381250 0.497917
1 0.490625 0.829167 0.117188 0.229167
1 0.792188 0.691667 0.192188 0.225000
1 0.142187 0.514583 0.156250 0.193750
1 0.817187 0.441667 0.157812 0.233333
1 0.420312 0.827083 0.187500 0.189583
1 0.715625 0.885417 0.165625 0.227083
1 0.917188 0.860417 0.165625 0.204167
1 0.128125 0.314583 0.176563 0.239583
1 0.240625 0.133333 0.151562 0.227083
1 0.935937 0.312500 0.126562 0.222917
1 0.364063 0.152083 0.156250 0.193750
1 0.654687 0.383333 0.142187 0.170833
1 0.804688 0.093750 0.145313 0.183333
