1 0.932813 0.166667 0.132812 0.204167
1 0.160938 0.537500 0.173437 0.197917
1 0.617188 0.291667 0.165625 0.200000
2 0.468750 0.129167 0.335938 0.254167
1 0.746875 0.454167 0.165625 0.200000
1 0.750000 0.262500 0.165625 0.200000
1 0.317188 0.466667 0.210938 0.239583
1 0.462500 0.895833 0.154688 0.185417
1 0.434375 0.650000 0.159375 0.195833
1 0.275000 0.262500 0.165625 0.200000
1 0.856250 0.700000 0.179688 0.210417
0 0.790625 0.879167 0.060937 0.068750
1 0.131250 0.235417 0.168750 0.218750
1 0.693750 0.687500 0.175000 0.231250
