1 0.090625 0.083333 0.131250 0.162500
1 0.543750 0.245833 0.129688 0.181250
1 0.131250 0.264583 0.129688 0.181250
1 0.945312 0.452083 0.107813 0.179167
2 0.584375 0.752083 0.423438 0.452083
1 0.942187 0.245833 0.115625 0.175000
1 0.579688 0.072917 0.179688 0.141667
1 0.481250 0.233333 0.129688 0.181250
1 0.937500 0.604167 0.125000 0.227083
1 0.398438 0.045833 0.171875 0.087500
1 0.340625 0.564583 0.159375 0.247917
1 0.550000 0.462500 0.129688 0.181250
1 0.493750 0.435417 0.129688 0.181250
2 0.176563 0.677083 0.282813 0.400000
1 0.785937 0.070833 0.146875 0.139583
1 0.185938 0.395833 0.157812 0.218750
1 0.593750 0.256250 0.129688 0.181250
