1 0.718750 0.829167 0.143750 0.193750
1 0.076563 0.922917 0.142187 0.154167
1 0.417187 0.856250 0.165625 0.206250
1 0.314063 0.258333 0.143750 0.208333
1 0.678125 0.127083 0.145313 0.208333
1 0.650000 0.275000 0.150000 0.181250
2 0.585938 0.575000 0.360938 0.414583
1 0.339062 0.468750 0.145313 0.208333
1 0.204687 0.802083 0.165625 0.206250
1 0.495312 0.087500 0.178125 0.170833
1 0.809375 0.929167 0.153125 0.141667
1 0.089063 0.256250 0.145313 0.162500
1 0.932813 0.843750 0.132812 0.206250
1 0.196875 0.393750 0.179688 0.189583
1 0.446875 0.275000 0.178125 0.172917
1 0.068750 0.802083 0.134375 0.216667
1 0.181250 0.595833 0.165625 0.206250
1 0.926562 0.510417 0.145313 0.208333
1 0.915625 0.185417 0.164062 0.208333
