1 0.293750 0.514583 0.132812 0.162500
1 0.967187 0.220833 0.065625 0.191667
1 0.767188 0.464583 0.176563 0.179167
0 0.445312 0.141667 0.059375 0.060417
0 0.023438 0.554167 0.043750 0.066667
2 0.540625 0.712500 0.290625 0.364583
1 0.607812 0.100000 0.162500 0.197917
1 0.942187 0.506250 0.114062 0.210417
1 0.746875 0.237500 0.154688 0.206250
1 0.196875 0.222917 0.204687 0.287500
1 0.751563 0.939583 0.143750 0.106250
1 0.137500 0.414583 0.159375 0.237500
1 0.089063 0.885417 0.165625 0.206250
1 0.834375 0.743750 0.154688 0.206250
1 0.275000 0.906250 0.125000 0.168750
1 0.895312 0.125000 0.154688 0.189583
