1 0.556250 0.500000 0.192188 0.231250
1 0.271875 0.839583 0.153125 0.200000
1 0.334375 0.108333 0.179688 0.214583
1 0.917188 0.866667 0.164062 0.216667
1 0.076563 0.789583 0.151562 0.200000
1 0.640625 0.683333 0.192188 0.231250
1 0.900000 0.316667 0.164062 0.216667
1 0.393750 0.612500 0.189062 0.229167
2 0.675000 0.277083 0.331250 0.404167
1 0.134375 0.420833 0.168750 0.189583
1 0.579688 0.902083 0.131250 0.195833
1 0.115625 0.085417 0.156250 0.168750
1 0.198437 0.654167 0.153125 0.200000
1 0.517188 0.114583 0.150000 0.225000
