1 0.176563 0.656250 0.156250 0.202083
1 0.814063 0.537500 0.156250 0.202083
0 0.881250 0.835417 0.054688 0.064583
1 0.907813 0.575000 0.173437 0.266667
1 0.078125 0.102083 0.154688 0.200000
0 0.434375 0.027083 0.059375 0.052083
0 0.150000 0.518750 0.060937 0.079167
1 0.620313 0.777083 0.178125 0.206250
1 0.773438 0.185417 0.156250 0.202083
1 0.082812 0.370833 0.156250 0.202083
0 0.326562 0.933333 0.068750 0.089583
0 0.187500 0.139583 0.070312 0.075000
1 0.629687 0.904167 0.157812 0.189583
2 0.328125 0.322917 0.370312 0.460417
