1 0.290625 0.700000 0.167187 0.229167
1 0.843750 0.110417 0.167187 0.216667
1 0.871875 0.797917 0.167187 0.229167
2 0.414062 0.460417 0.285938 0.381250
1 0.115625 0.922917 0.198437 0.154167
1 0.823438 0.464583 0.167187 0.229167
1 0.498437 0.804167 0.167187 0.229167
1 0.689063 0.739583 0.167187 0.229167
1 0.396875 0.866667 0.167187 0.229167
1 0.125000 0.729167 0.190625 0.222917
1 0.448437 0.175000 0.212500 0.214583
1 0.667188 0.150000 0.212500 0.214583
1 0.071875 0.225000 0.142187 0.210417
1 0.675000 0.397917 0.167187 0.229167
