1 0.237500 0.883333 0.143750 0.154167
1 0.920312 0.918750 0.157812 0.162500
1 0.754687 0.666667 0.168750 0.256250
1 0.532813 0.160417 0.145313 0.216667
0 0.725000 0.941667 0.085938 0.110417
1 0.387500 0.341667 0.109375 0.277083
0 0.498437 0.856250 0.054688 0.047917
1 0.621875 0.850000 0.159375 0.214583
2 0.556250 0.512500 0.378125 0.452083
1 0.814063 0.106250 0.157812 0.210417
1 0.835938 0.354167 0.190625 0.252083
1 0.696875 0.227083 0.151562 0.208333
1 0.079687 0.700000 0.156250 0.212500
1 0.332813 0.597917 0.157812 0.212500
1 0.923438 0.700000 0.151562 0.208333
1 0.420312 0.770833 0.176563 0.204167
1 0.101562 0.145833 0.198437 0.208333
1 0.104688 0.468750 0.159375 0.214583
1 0.260937 0.402083 0.145313 0.216667
1 0.245312 0.754167 0.176563 0.204167
