1 0.837500 0.162500 0.179688 0.237500
1 0.537500 0.272917 0.179688 0.237500
1 0.159375 0.139583 0.173437 0.231250
1 0.384375 0.116667 0.192188 0.229167
1 0.901563 0.887500 0.164062 0.222917
1 0.270313 0.314583 0.170313 0.197917
1 0.412500 0.454167 0.176563 0.216667
1 0.907813 0.416667 0.164062 0.222917
1 0.151562 0.470833 0.170313 0.197917
1 0.556250 0.083333 0.159375 0.162500
1 0.931250 0.627083 0.137500 0.210417
1 0.179688 0.843750 0.150000 0.193750
1 0.618750 0.525000 0.137500 0.208333
2 0.407813 0.766667 0.339062 0.439583
1 0.085938 0.552083 0.168750 0.197917
1 0.723437 0.781250 0.176563 0.195833
1 0.771875 0.572917 0.156250 0.191667
1 0.604688 0.902083 0.150000 0.193750
1 0.735938 0.362500 0.159375 0.202083
