1 0.917188 0.445833 0.153125 0.197917
1 0.112500 0.402083 0.129688 0.172917
1 0.231250 0.564583 0.134375 0.210417
1 0.729688 0.239583 0.154688 0.212500
1 0.170313 0.204167 0.143750 0.231250
1 0.071875 0.075000 0.142187 0.147917
1 0.417187 0.814583 0.132812 0.177083
1 0.496875 0.170833 0.193750 0.227083
1 0.170313 0.647917 0.134375 0.189583
1 0.856250 0.229167 0.159375 0.204167
2 0.420312 0.458333 0.284375 0.377083
1 0.665625 0.685417 0.171875 0.212500
1 0.657813 0.412500 0.139063 0.189583
0 0.078125 0.897917 0.067187 0.072917
1 0.548438 0.850000 0.139063 0.189583
