1 0.062500 0.145833 0.123438 0.241667
1 0.771875 0.118750 0.210938 0.235417
1 0.076563 0.866667 0.151562 0.181250
1 0.826562 0.627083 0.154688 0.212500
1 0.770312 0.429167 0.181250 0.247917
1 0.382812 0.343750 0.153125 0.227083
1 0.737500 0.581250 0.181250 0.247917
1 0.823438 0.739583 0.154688 0.212500
1 0.837500 0.295833 0.181250 0.247917
1 0.135937 0.927083 0.139063 0.145833
1 0.592187 0.366667 0.181250 0.247917
1 0.214062 0.114583 0.190625 0.225000
0 0.653125 0.064583 0.068750 0.120833
1 0.906250 0.752083 0.154688 0.212500
0 0.360938 0.908333 0.065625 0.070833
1 0.787500 0.841667 0.154688 0.212500
