1 0.128125 0.891667 0.185938 0.214583
1 0.731250 0.266667 0.200000 0.177083
1 0.600000 0.554167 0.139063 0.214583
1 0.356250 0.829167 0.190625 0.210417
1 0.870313 0.406250 0.150000 0.202083
1 0.543750 0.752083 0.190625 0.210417
1 0.325000 0.120833 0.150000 0.202083
1 0.815625 0.081250 0.151562 0.158333
2 0.453125 0.320833 0.323437 0.460417
1 0.790625 0.889583 0.175000 0.220833
1 0.778125 0.645833 0.198437 0.214583
1 0.623437 0.112500 0.150000 0.202083
1 0.070312 0.664583 0.137500 0.245833
1 0.198437 0.347917 0.171875 0.258333
1 0.410938 0.600000 0.178125 0.172917
