1 0.112500 0.589583 0.135937 0.218750
1 0.670312 0.487500 0.154688 0.222917
1 0.301563 0.750000 0.132812 0.260417
1 0.228125 0.547917 0.135937 0.218750
1 0.175000 0.325000 0.176563 0.222917
2 0.523438 0.800000 0.329688 0.400000
0 0.037500 0.870833 0.057813 0.072917
1 0.737500 0.866667 0.162500 0.266667
1 0.078125 0.243750 0.153125 0.222917
1 0.600000 0.091667 0.187500 0.179167
1 0.412500 0.472917 0.154688 0.222917
0 0.221875 0.670833 0.057813 0.072917
1 0.918750 0.287500 0.162500 0.266667
1 0.184375 0.120833 0.173437 0.162500
0 0.293750 0.170833 0.057813 0.072917
1 0.337500 0.452083 0.135937 0.218750
1 0.809375 0.835417 0.162500 0.266667
1 0.284375 0.506250 0.135937 0.218750
1 0.728125 0.220833 0.162500 0.266667
1 0.821875 0.535417 0.162500 0.266667
1 0.353125 0.072917 0.200000 0.143750
