1 0.103125 0.518750 0.201563 0.260417
1 0.264062 0.637500 0.173437 0.216667
1 0.065625 0.164583 0.128125 0.231250
1 0.231250 0.862500 0.164062 0.218750
2 0.535937 0.539583 0.228125 0.279167
1 0.771875 0.197917 0.156250 0.166667
0 0.160938 0.387500 0.070312 0.075000
1 0.375000 0.379167 0.184375 0.202083
1 0.565625 0.293750 0.167187 0.191667
1 0.614062 0.277083 0.156250 0.166667
1 0.735938 0.735417 0.151562 0.185417
1 0.907813 0.531250 0.167187 0.191667
1 0.246875 0.225000 0.190625 0.204167
1 0.415625 0.185417 0.165625 0.212500
1 0.862500 0.883333 0.190625 0.233333
