1 0.126562 0.908333 0.176563 0.177083
1 0.945312 0.737500 0.109375 0.214583
1 0.090625 0.091667 0.123438 0.179167
1 0.426563 0.554167 0.150000 0.181250
1 0.789062 0.431250 0.150000 0.181250
1 0.328125 0.404167 0.151562 0.227083
2 0.525000 0.320833 0.379688 0.475000
1 0.948438 0.529167 0.103125 0.191667
1 0.140625 0.741667 0.143750 0.193750
1 0.820312 0.831250 0.167187 0.191667
1 0.429688 0.931250 0.134375 0.135417
1 0.284375 0.695833 0.192188 0.250000
1 0.848437 0.637500 0.132812 0.187500
1 0.317188 0.191667 0.157812 0.187500
