1 0.159375 0.658333 0.165625 0.181250
1 0.276562 0.479167 0.221875 0.260417
0 0.139063 0.070833 0.059375 0.079167
1 0.853125 0.375000 0.185938 0.216667
1 0.342187 0.272917 0.168750 0.225000
1 0.812500 0.912500 0.170313 0.172917
1 0.570312 0.850000 0.170313 0.237500
1 0.179688 0.227083 0.156250 0.281250
1 0.239063 0.902083 0.184375 0.193750
2 0.560937 0.514583 0.332813 0.433333
1 0.446875 0.114583 0.185938 0.216667
1 0.671875 0.087500 0.179688 0.170833
1 0.365625 0.708333 0.185938 0.216667
1 0.934375 0.529167 0.129688 0.218750
