1 0.260937 0.510417 0.181250 0.206250
1 0.931250 0.593750 0.137500 0.216667
1 0.937500 0.272917 0.125000 0.245833
1 0.795312 0.475000 0.167187 0.231250
2 0.620313 0.781250 0.245312 0.325000
1 0.781250 0.072917 0.157812 0.141667
1 0.493750 0.366667 0.171875 0.197917
1 0.784375 0.837500 0.159375 0.216667
1 0.381250 0.112500 0.179688 0.222917
1 0.476562 0.560417 0.157812 0.150000
1 0.109375 0.625000 0.167187 0.231250
1 0.353125 0.725000 0.157812 0.216667
1 0.918750 0.072917 0.157812 0.141667
1 0.589063 0.095833 0.157812 0.189583
1 0.253125 0.737500 0.143750 0.187500
1 0.768750 0.575000 0.165625 0.212500
1 0.734375 0.233333 0.154688 0.202083
1 0.189062 0.193750 0.154688 0.202083
