1 0.729688 0.162500 0.137500 0.193750
2 0.171875 0.647917 0.340625 0.460417
1 0.607812 0.879167 0.170313 0.220833
1 0.300000 0.068750 0.154688 0.133333
1 0.643750 0.487500 0.170313 0.220833
1 0.429688 0.147917 0.160938 0.220833
1 0.271875 0.250000 0.154688 0.189583
1 0.428125 0.579167 0.154688 0.189583
1 0.117188 0.254167 0.167187 0.204167
1 0.815625 0.545833 0.123438 0.166667
1 0.893750 0.700000 0.178125 0.197917
1 0.676562 0.683333 0.171875 0.206250
1 0.429688 0.843750 0.170313 0.220833
1 0.587500 0.272917 0.157812 0.243750
