0 0.156250 0.068750 0.068750 0.075000
0 0.554688 0.477083 0.067187 0.079167
1 0.762500 0.295833 0.195312 0.231250
0 0.306250 0.402083 0.051562 0.100000
1 0.628125 0.429167 0.167187 0.331250
2 0.300000 0.804167 0.356250 0.389583
1 0.428125 0.356250 0.143750 0.189583
1 0.881250 0.454167 0.145313 0.208333
1 0.178125 0.331250 0.175000 0.231250
1 0.868750 0.737500 0.170313 0.235417
1 0.689063 0.652083 0.196875 0.229167
1 0.106250 0.564583 0.164062 0.175000
1 0.335938 0.258333 0.143750 0.189583
1 0.073438 0.087500 0.142187 0.170833
1 0.095312 0.656250 0.168750 0.216667
1 0.781250 0.081250 0.195312 0.158333
