1 0.925000 0.489583 0.148438 0.285417
0 0.750000 0.770833 0.062500 0.095833
1 0.206250 0.225000 0.120313 0.275000
1 0.348438 0.306250 0.170313 0.181250
1 0.485938 0.210417 0.160938 0.231250
2 0.657813 0.475000 0.357812 0.418750
1 0.281250 0.120833 0.153125 0.229167
1 0.095312 0.839583 0.179688 0.204167
1 0.148438 0.629167 0.207813 0.289583
1 0.395313 0.564583 0.185938 0.183333
1 0.268750 0.485417 0.106250 0.270833
1 0.084375 0.277083 0.160938 0.189583
1 0.150000 0.458333 0.178125 0.193750
1 0.665625 0.118750 0.135937 0.177083
1 0.098437 0.083333 0.129688 0.162500
1 0.450000 0.785417 0.179688 0.237500
1 0.339062 0.781250 0.179688 0.237500
1 0.807813 0.937500 0.187500 0.125000
1 0.645312 0.758333 0.179688 0.264583
