1 0.625000 0.550000 0.170313 0.216667
2 0.587500 0.839583 0.414062 0.318750
1 0.342187 0.756250 0.142187 0.177083
1 0.787500 0.702083 0.000000 0.000000
1 0.165625 0.227083 0.145313 0.200000
1 0.559375 0.247917 0.170313 0.229167
1 0.787500 0.272917 0.159375 0.210417
1 0.117188 0.333333 0.160938 0.195833
1 0.218750 0.475000 0.154688 0.197917
1 0.376563 0.425000 0.157812 0.168750
1 0.353125 0.168750 0.196875 0.208333
1 0.337500 0.500000 0.146875 0.158333
1 0.201563 0.712500 0.143750 0.164583
1 0.839063 0.497917 0.192188 0.283333
