1 0.093750 0.175000 0.151562 0.204167
1 0.609375 0.235417 0.190625 0.229167
1 0.798438 0.339583 0.129688 0.172917
1 0.367188 0.106250 0.203125 0.208333
0 0.215625 0.091667 0.081250 0.081250
1 0.132812 0.450000 0.171875 0.200000
1 0.335938 0.625000 0.179688 0.252083
1 0.462500 0.818750 0.151562 0.197917
1 0.723437 0.079167 0.234375 0.156250
2 0.868750 0.795833 0.262500 0.383333
0 0.140625 0.281250 0.070312 0.091667
1 0.257812 0.766667 0.175000 0.208333
0 0.698438 0.554167 0.107813 0.152083
1 0.346875 0.325000 0.170313 0.193750
1 0.906250 0.543750 0.176563 0.166667
1 0.126562 0.837500 0.175000 0.208333
1 0.387500 0.397917 0.140625 0.162500
