1 0.917188 0.225000 0.165625 0.210417
1 0.876563 0.402083 0.162500 0.214583
1 0.204687 0.725000 0.139063 0.200000
1 0.301563 0.158333 0.129688 0.220833
1 0.862500 0.106250 0.165625 0.208333
1 0.790625 0.233333 0.165625 0.210417
1 0.931250 0.572917 0.135937 0.193750
1 0.081250 0.914583 0.145313 0.170833
2 0.106250 0.170833 0.193750 0.300000
1 0.839063 0.914583 0.145313 0.170833
0 0.553125 0.114583 0.073438 0.083333
1 0.728125 0.604167 0.182812 0.214583
1 0.557813 0.481250 0.182812 0.214583
1 0.582812 0.885417 0.139063 0.195833
1 0.706250 0.914583 0.145313 0.170833
