1 0.465625 0.254167 0.157812 0.212500
1 0.143750 0.085417 0.181250 0.166667
1 0.176563 0.345833 0.153125 0.212500
1 0.357812 0.366667 0.196875 0.189583
1 0.281250 0.575000 0.153125 0.212500
1 0.823438 0.225000 0.203125 0.225000
1 0.664062 0.716667 0.153125 0.212500
1 0.737500 0.500000 0.162500 0.245833
1 0.064062 0.339583 0.126562 0.208333
1 0.487500 0.462500 0.148438 0.204167
1 0.307812 0.208333 0.184375 0.152083
1 0.828125 0.454167 0.162500 0.212500
1 0.637500 0.077083 0.196875 0.152083
1 0.184375 0.875000 0.153125 0.212500
