1 0.067187 0.283333 0.131250 0.220833
1 0.865625 0.914583 0.215625 0.170833
1 0.882812 0.281250 0.137500 0.189583
1 0.848437 0.487500 0.137500 0.189583
1 0.634375 0.418750 0.207813 0.241667
1 0.504687 0.902083 0.168750 0.193750
1 0.182812 0.760417 0.176563 0.216667
1 0.464062 0.168750 0.176563 0.216667
1 0.587500 0.706250 0.120313 0.181250
1 0.423438 0.693750 0.178125 0.206250
1 0.817187 0.320833 0.137500 0.189583
1 0.581250 0.816667 0.120313 0.181250
1 0.326562 0.906250 0.164062 0.185417
1 0.792188 0.452083 0.137500 0.189583
1 0.415625 0.933333 0.151562 0.131250
1 0.085938 0.933333 0.168750 0.131250
1 0.248438 0.147917 0.167187 0.204167
1 0.092188 0.095833 0.164062 0.187500
1 0.915625 0.600000 0.168750 0.204167
1 0.303125 0.720833 0.176563 0.216667
