1 0.940625 0.185417 0.117188 0.262500
1 0.646875 0.312500 0.182812 0.193750
2 0.487500 0.570833 0.329688 0.475000
1 0.118750 0.783333 0.178125 0.266667
1 0.101562 0.341667 0.200000 0.231250
1 0.807813 0.910417 0.156250 0.177083
1 0.809375 0.189583 0.145313 0.241667
1 0.570312 0.879167 0.178125 0.239583
1 0.375000 0.925000 0.157812 0.150000
1 0.429688 0.272917 0.182812 0.193750
1 0.318750 0.758333 0.173437 0.195833
1 0.873437 0.627083 0.185938 0.239583
1 0.665625 0.529167 0.150000 0.206250
1 0.639062 0.110417 0.196875 0.218750
