1 0.518750 0.643750 0.146875 0.191667
1 0.226562 0.100000 0.164062 0.195833
1 0.081250 0.720833 0.160938 0.214583
1 0.698438 0.254167 0.162500 0.214583
1 0.390625 0.410417 0.196875 0.235417
1 0.573438 0.089583 0.168750 0.175000
1 0.532813 0.772917 0.156250 0.189583
1 0.773438 0.208333 0.162500 0.214583
1 0.532813 0.877083 0.156250 0.189583
2 0.876563 0.750000 0.246875 0.385417
1 0.717187 0.902083 0.156250 0.189583
1 0.615625 0.362500 0.178125 0.268750
1 0.196875 0.733333 0.164062 0.235417
0 0.410938 0.058333 0.051562 0.089583
0 0.737500 0.645833 0.059375 0.077083
1 0.378125 0.214583 0.176563 0.212500
