1 0.807813 0.925000 0.196875 0.150000
1 0.348438 0.116667 0.154688 0.166667
1 0.781250 0.712500 0.140625 0.195833
1 0.173437 0.604167 0.190625 0.216667
1 0.234375 0.791667 0.201563 0.237500
1 0.070312 0.881250 0.137500 0.237500
1 0.731250 0.379167 0.146875 0.202083
1 0.900000 0.502083 0.173437 0.185417
1 0.715625 0.235417 0.146875 0.202083
1 0.731250 0.433333 0.162500 0.208333
1 0.535937 0.245833 0.171875 0.218750
1 0.626563 0.620833 0.140625 0.195833
1 0.926562 0.616667 0.146875 0.202083
0 0.189062 0.266667 0.059375 0.095833
2 0.345313 0.285417 0.198437 0.252083
1 0.692187 0.437500 0.162500 0.208333
1 0.450000 0.679167 0.171875 0.218750
1 0.893750 0.375000 0.173437 0.185417
1 0.387500 0.552083 0.153125 0.183333
1 0.615625 0.872917 0.195312 0.227083
1 0.628125 0.483333 0.162500 0.208333
1 0.725000 0.747917 0.140625 0.195833
