1 0.345313 0.447917 0.120313 0.297917
1 0.615625 0.410417 0.185938 0.202083
1 0.104688 0.814583 0.179688 0.258333
1 0.859375 0.643750 0.164062 0.216667
0 0.767188 0.954167 0.039062 0.077083
1 0.593750 0.200000 0.143750 0.233333
0 0.476562 0.216667 0.048438 0.062500
1 0.873437 0.766667 0.150000 0.191667
1 0.085938 0.277083 0.170313 0.225000
1 0.684375 0.189583 0.193750 0.252083
1 0.171875 0.587500 0.168750 0.206250
1 0.815625 0.343750 0.151562 0.185417
1 0.295312 0.187500 0.187500 0.210417
1 0.409375 0.768750 0.178125 0.233333
1 0.207813 0.412500 0.148438 0.189583
2 0.634375 0.768750 0.348438 0.427083
