2 0.279687 0.531250 0.318750 0.422917
1 0.506250 0.081250 0.156250 0.158333
1 0.717187 0.129167 0.160938 0.222917
0 0.040625 0.702083 0.053125 0.060417
1 0.600000 0.858333 0.162500 0.195833
1 0.048438 0.168750 0.095312 0.216667
1 0.582812 0.475000 0.142187 0.225000
1 0.434375 0.914583 0.153125 0.170833
1 0.260937 0.206250 0.184375 0.202083
1 0.409375 0.222917 0.153125 0.218750
1 0.875000 0.356250 0.160938 0.222917
1 0.835938 0.870833 0.160938 0.222917
1 0.554688 0.685417 0.107813 0.160417
1 0.057813 0.891667 0.114062 0.191667
1 0.492188 0.643750 0.142187 0.225000
