1 0.850000 0.337500 0.179688 0.233333
1 0.412500 0.660417 0.117188 0.150000
2 0.095312 0.535417 0.187500 0.243750
1 0.198437 0.306250 0.160938 0.183333
1 0.706250 0.333333 0.167187 0.220833
0 0.851562 0.647917 0.040625 0.056250
1 0.368750 0.825000 0.160938 0.183333
1 0.301563 0.629167 0.159375 0.160417
1 0.778125 0.768750 0.159375 0.195833
1 0.846875 0.568750 0.179688 0.233333
1 0.084375 0.789583 0.165625 0.235417
1 0.610938 0.081250 0.159375 0.158333
1 0.425000 0.387500 0.159375 0.160417
1 0.584375 0.647917 0.159375 0.160417
1 0.656250 0.868750 0.184375 0.216667
