1 0.412500 0.906250 0.153125 0.185417
0 0.629687 0.560417 0.064062 0.062500
2 0.685937 0.831250 0.404687 0.335417
1 0.789062 0.600000 0.160938 0.195833
1 0.412500 0.737500 0.160938 0.208333
0 0.017188 0.620833 0.031250 0.072917
1 0.273438 0.352083 0.178125 0.206250
1 0.376563 0.085417 0.135937 0.166667
1 0.912500 0.660417 0.131250 0.191667
1 0.089063 0.168750 0.150000 0.222917
1 0.528125 0.214583 0.168750 0.233333
1 0.687500 0.189583 0.153125 0.197917
1 0.157812 0.722917 0.117188 0.283333
1 0.815625 0.070833 0.162500 0.139583
1 0.676562 0.404167 0.145313 0.243750
1 0.237500 0.100000 0.153125 0.195833
1 0.568750 0.468750 0.176563 0.197917
