0 0.490625 0.814583 0.071875 0.077083
1 0.500000 0.925000 0.168750 0.147917
1 0.176563 0.239583 0.160938 0.222917
1 0.626563 0.145833 0.146875 0.241667
1 0.079687 0.677083 0.157812 0.222917
1 0.917188 0.197917 0.157812 0.202083
1 0.940625 0.395833 0.118750 0.208333
1 0.759375 0.079167 0.160938 0.154167
1 0.668750 0.525000 0.173437 0.208333
1 0.765625 0.247917 0.156250 0.170833
2 0.395313 0.254167 0.337500 0.491667
1 0.104688 0.912500 0.207813 0.175000
1 0.728125 0.852083 0.173437 0.208333
1 0.467187 0.529167 0.160938 0.222917
1 0.229687 0.718750 0.176563 0.189583
1 0.609375 0.381250 0.117188 0.202083
