1 0.217188 0.093750 0.193750 0.185417
2 0.679688 0.168750 0.343750 0.335417
1 0.367188 0.720833 0.143750 0.225000
1 0.734375 0.622917 0.162500 0.222917
0 0.312500 0.875000 0.073438 0.093750
1 0.135937 0.593750 0.157812 0.204167
1 0.473438 0.472917 0.157812 0.222917
1 0.878125 0.343750 0.131250 0.197917
1 0.160938 0.329167 0.162500 0.243750
1 0.920312 0.525000 0.159375 0.158333
1 0.356250 0.310417 0.131250 0.197917
1 0.621875 0.425000 0.157812 0.222917
1 0.195312 0.789583 0.159375 0.227083
1 0.315625 0.525000 0.176563 0.216667
1 0.934375 0.725000 0.131250 0.197917
