1 0.478125 0.356250 0.185938 0.218750
1 0.548438 0.164583 0.185938 0.218750
1 0.775000 0.443750 0.185938 0.218750
0 0.750000 0.210417 0.056250 0.075000
1 0.895312 0.664583 0.185938 0.218750
1 0.882812 0.393750 0.185938 0.218750
0 0.710938 0.083333 0.082812 0.102083
1 0.653125 0.914583 0.187500 0.170833
2 0.282813 0.683333 0.282813 0.306250
1 0.268750 0.110417 0.185938 0.216667
0 0.285938 0.935417 0.056250 0.075000
1 0.418750 0.422917 0.185938 0.218750
1 0.715625 0.427083 0.185938 0.218750
1 0.078125 0.514583 0.154688 0.270833
1 0.431250 0.110417 0.185938 0.216667
1 0.576562 0.389583 0.185938 0.218750
