1 0.910937 0.700000 0.150000 0.195833
1 0.203125 0.862500 0.146875 0.175000
1 0.770312 0.718750 0.076563 0.306250
1 0.631250 0.239583 0.146875 0.202083
1 0.281250 0.329167 0.126562 0.220833
1 0.096875 0.633333 0.134375 0.197917
1 0.903125 0.270833 0.154688 0.179167
1 0.500000 0.320833 0.117188 0.216667
1 0.645312 0.754167 0.189062 0.222917
1 0.828125 0.293750 0.146875 0.187500
1 0.143750 0.341667 0.142187 0.200000
1 0.695312 0.566667 0.156250 0.208333
2 0.367188 0.718750 0.337500 0.391667
1 0.087500 0.731250 0.142187 0.191667
