1 0.096875 0.668750 0.160938 0.204167
2 0.278125 0.554167 0.339062 0.422917
1 0.412500 0.112500 0.165625 0.222917
1 0.203125 0.850000 0.164062 0.168750
0 0.625000 0.608333 0.096875 0.135417
1 0.410938 0.812500 0.165625 0.225000
1 0.070312 0.141667 0.139063 0.225000
1 0.093750 0.875000 0.160938 0.204167
1 0.934375 0.335417 0.131250 0.147917
1 0.528125 0.700000 0.110937 0.218750
1 0.570312 0.333333 0.131250 0.168750
1 0.807813 0.516667 0.198437 0.214583
1 0.050000 0.391667 0.096875 0.210417
1 0.628125 0.437500 0.198437 0.214583
0 0.920312 0.045833 0.079687 0.089583
1 0.625000 0.433333 0.198437 0.214583
1 0.843750 0.131250 0.156250 0.220833
1 0.464062 0.281250 0.198437 0.214583
