1 0.268750 0.341667 0.178125 0.235417
1 0.671875 0.875000 0.184375 0.250000
1 0.406250 0.483333 0.175000 0.229167
1 0.162500 0.737500 0.192188 0.260417
0 0.254688 0.708333 0.050000 0.060417
1 0.571875 0.089583 0.178125 0.177083
1 0.376563 0.689583 0.153125 0.206250
1 0.554688 0.622917 0.173437 0.218750
1 0.421875 0.085417 0.146875 0.166667
1 0.573438 0.393750 0.165625 0.210417
1 0.814063 0.181250 0.207813 0.177083
2 0.779687 0.500000 0.375000 0.539583
1 0.887500 0.856250 0.201563 0.243750
1 0.151562 0.168750 0.156250 0.233333
1 0.406250 0.254167 0.107813 0.210417
