1 0.673438 0.775000 0.198437 0.239583
1 0.506250 0.810417 0.198437 0.239583
1 0.357812 0.327083 0.153125 0.222917
1 0.932813 0.816667 0.129688 0.189583
1 0.068750 0.406250 0.134375 0.297917
2 0.350000 0.635417 0.212500 0.239583
1 0.846875 0.287500 0.176563 0.239583
1 0.485938 0.120833 0.204687 0.237500
1 0.167187 0.406250 0.153125 0.222917
1 0.053125 0.616667 0.104688 0.229167
0 0.257812 0.470833 0.079687 0.100000
1 0.817187 0.112500 0.220312 0.222917
1 0.140625 0.112500 0.153125 0.222917
1 0.726562 0.645833 0.131250 0.189583
1 0.673438 0.216667 0.167187 0.250000
1 0.517188 0.375000 0.153125 0.222917
1 0.662500 0.452083 0.173437 0.191667
1 0.512500 0.602083 0.153125 0.222917
