1 0.287500 0.287500 0.140625 0.218750
1 0.551562 0.195833 0.190625 0.250000
1 0.079687 0.322917 0.156250 0.216667
2 0.192188 0.802083 0.353125 0.393750
1 0.415625 0.454167 0.171875 0.218750
1 0.409375 0.241667 0.171875 0.218750
1 0.753125 0.341667 0.178125 0.243750
1 0.715625 0.635417 0.131250 0.235417
1 0.575000 0.739583 0.171875 0.189583
1 0.740625 0.575000 0.178125 0.179167
1 0.404687 0.697917 0.159375 0.187500
1 0.654687 0.393750 0.162500 0.210417
1 0.818750 0.812500 0.171875 0.218750
1 0.093750 0.518750 0.156250 0.204167
