1 0.718750 0.600000 0.142187 0.197917
1 0.490625 0.904167 0.179688 0.191667
1 0.589063 0.214583 0.142187 0.197917
1 0.426563 0.275000 0.185938 0.212500
1 0.928125 0.814583 0.142187 0.212500
1 0.335938 0.335417 0.125000 0.166667
1 0.776563 0.908333 0.154688 0.183333
1 0.610938 0.425000 0.142187 0.197917
1 0.945312 0.556250 0.107813 0.275000
1 0.123438 0.706250 0.178125 0.256250
1 0.150000 0.302083 0.178125 0.256250
1 0.689063 0.083333 0.207813 0.164583
2 0.276562 0.622917 0.200000 0.279167
0 0.493750 0.445833 0.068750 0.083333
