1 0.237500 0.510417 0.145313 0.175000
1 0.709375 0.885417 0.145313 0.175000
1 0.456250 0.087500 0.173437 0.172917
1 0.814063 0.279167 0.156250 0.227083
1 0.107813 0.427083 0.156250 0.210417
1 0.295312 0.250000 0.173437 0.175000
1 0.196875 0.195833 0.145313 0.172917
0 0.439063 0.195833 0.059375 0.085417
1 0.459375 0.402083 0.200000 0.208333
1 0.848437 0.083333 0.150000 0.162500
1 0.671875 0.075000 0.162500 0.147917
1 0.792188 0.866667 0.145313 0.175000
2 0.470313 0.677083 0.190625 0.264583
0 0.657813 0.191667 0.059375 0.085417
