1 0.153125 0.281250 0.170313 0.239583
1 0.518750 0.608333 0.159375 0.218750
1 0.410938 0.195833 0.170313 0.200000
1 0.304688 0.372917 0.148438 0.202083
1 0.287500 0.579167 0.159375 0.218750
1 0.875000 0.339583 0.170313 0.239583
1 0.120313 0.495833 0.170313 0.239583
2 0.664062 0.135417 0.348438 0.268750
1 0.465625 0.404167 0.170313 0.200000
1 0.384375 0.750000 0.148438 0.202083
1 0.559375 0.827083 0.159375 0.218750
1 0.251563 0.862500 0.148438 0.202083
1 0.745313 0.704167 0.212500 0.227083
1 0.878125 0.856250 0.170313 0.239583
